#multi: 5
	mass A		mass B		
t	x	y	x	y	
0.000000E0	9.167102E1	-2.671206E2		
1.666444E-2	9.182919E1	-2.669773E2		
3.332888E-2	9.143211E1	-2.673499E2	2.299936E2	-4.227294E2
4.999331E-2	8.988881E1	-2.671515E2	2.238569E2	-4.274635E2
6.665775E-2	8.866363E1	-2.681055E2	2.146414E2	-4.330388E2
8.332219E-2	8.565783E1	-2.683728E2	2.022354E2	-4.393585E2
9.998663E-2	8.276386E1	-2.693455E2	1.910451E2	-4.468331E2
1.166511E-1	7.917747E1	-2.702740E2	1.786548E2	-4.555266E2
1.333155E-1	7.589625E1	-2.721981E2	1.625464E2	-4.637380E2
1.499799E-1	7.095643E1	-2.734603E2	1.451279E2	-4.710443E2
1.666444E-1	6.495979E1	-2.746461E2	1.234597E2	-4.757790E2
1.833088E-1	5.841174E1	-2.762060E2	1.030069E2	-4.811410E2
1.999733E-1	5.126344E1	-2.769325E2	8.115611E1	-4.832982E2
2.166377E-1	4.316720E1	-2.781094E2	5.966602E1	-4.857943E2
2.333021E-1	3.480030E1	-2.794657E2	3.676165E1	-4.882423E2
2.499666E-1	2.619851E1	-2.803095E2	1.549793E1	-4.885222E2
2.666310E-1	1.602173E1	-2.807778E2	-6.543657E0	-4.884477E2
2.832954E-1	5.694902E0	-2.811208E2	-2.841015E1	-4.868217E2
2.999599E-1	-4.438105E0	-2.813340E2	-4.641218E1	-4.859749E2
3.166243E-1	-1.559731E1	-2.802020E2	-6.612085E1	-4.840143E2
3.332888E-1	-2.630741E1	-2.797320E2	-8.330816E1	-4.814505E2
3.499532E-1	-3.765992E1	-2.777244E2	-1.005723E2	-4.774314E2
3.666176E-1	-4.805837E1	-2.761475E2	-1.169207E2	-4.735401E2
3.832821E-1	-5.786840E1	-2.741683E2	-1.296860E2	-4.710019E2
3.999465E-1	-6.691220E1	-2.722224E2	-1.423009E2	-4.675641E2
4.166109E-1	-7.594212E1	-2.695010E2	-1.541819E2	-4.639770E2
4.332754E-1	-8.322675E1	-2.677215E2	-1.646646E2	-4.604490E2
4.499398E-1	-8.972515E1	-2.662228E2	-1.746184E2	-4.566848E2
4.666043E-1	-9.525076E1	-2.638635E2	-1.815391E2	-4.540396E2
4.832687E-1	-1.007203E2	-2.616173E2	-1.890944E2	-4.509653E2
4.999331E-1	-1.037481E2	-2.606929E2	-1.946271E2	-4.489349E2
5.165976E-1	-1.052845E2	-2.599782E2	-1.989455E2	-4.471849E2
5.332620E-1	-1.066539E2	-2.594978E2	-2.018030E2	-4.461639E2
5.499264E-1	-1.065687E2	-2.594261E2	-2.038697E2	-4.452200E2
5.665909E-1	-1.056031E2	-2.595927E2	-2.040705E2	-4.452305E2
5.832553E-1	-1.024175E2	-2.611357E2	-2.036046E2	-4.450586E2
5.999198E-1	-9.920826E1	-2.620085E2	-2.018851E2	-4.450855E2
6.165842E-1	-9.447252E1	-2.641472E2	-1.983167E2	-4.456634E2
6.332486E-1	-8.902706E1	-2.656284E2	-1.935664E2	-4.470868E2
6.499131E-1	-8.201730E1	-2.683066E2	-1.895916E2	-4.489018E2
6.665775E-1	-7.516984E1	-2.704615E2	-1.781825E2	-4.524408E2
6.832419E-1	-6.756892E1	-2.727108E2	-1.682102E2	-4.560084E2
6.999064E-1	-5.952139E1	-2.745376E2	-1.599078E2	-4.581887E2
7.165708E-1	-5.062843E1	-2.764332E2	-1.459582E2	-4.621102E2
7.332353E-1	-4.143543E1	-2.780784E2	-1.301300E2	-4.676595E2
7.498997E-1	-3.286742E1	-2.786407E2	-1.142110E2	-4.714477E2
7.665641E-1	-2.390344E1	-2.795119E2	-9.527302E1	-4.769973E2
7.832286E-1	-1.483230E1	-2.803084E2	-7.628123E1	-4.806828E2
7.998930E-1	-5.335964E0	-2.812365E2	-5.515702E1	-4.845686E2
8.165574E-1	2.865830E0	-2.810468E2	-3.348416E1	-4.868232E2
8.332219E-1	1.082708E1	-2.808891E2	-1.009038E1	-4.890686E2
8.498863E-1	1.887660E1	-2.806427E2	1.334370E1	-4.901682E2
8.665508E-1	2.675273E1	-2.804997E2	3.728422E1	-4.894893E2
8.832152E-1	3.323653E1	-2.792372E2	6.133621E1	-4.883929E2
8.998796E-1	4.057855E1	-2.793080E2	8.411296E1	-4.826976E2
9.165441E-1	4.667087E1	-2.782272E2	1.064438E2	-4.766890E2
9.332085E-1	5.252899E1	-2.772663E2	1.287054E2	-4.745075E2
9.498729E-1	5.797913E1	-2.758838E2	1.453121E2	-4.638534E2
9.665374E-1	6.345442E1	-2.749977E2	1.653096E2	-4.573839E2
9.832018E-1	6.838333E1	-2.739564E2	1.788308E2	-4.473955E2
9.998663E-1	7.305786E1	-2.724015E2	1.911740E2	-4.411895E2
1.016531E0	7.733744E1	-2.717583E2	2.012215E2	-4.351081E2
1.033195E0	8.101296E1	-2.702444E2	2.118438E2	-4.304228E2
1.049860E0	8.413580E1	-2.691524E2	2.189592E2	-4.258358E2
1.066524E0	8.676575E1	-2.683662E2	2.262491E2	-4.243653E2
1.083188E0	8.953758E1	-2.682155E2	2.273312E2	-4.207033E2
1.099853E0	9.054891E1	-2.673578E2	2.299562E2	-4.215725E2
1.116517E0	9.170168E1	-2.671548E2	2.291408E2	-4.223567E2
1.133182E0	9.199902E1	-2.668939E2	2.244734E2	-4.221377E2
1.149846E0	9.160727E1	-2.672415E2	2.211989E2	-4.280228E2
1.166511E0	9.108821E1	-2.676618E2	2.162669E2	-4.292904E2
1.183175E0	8.887498E1	-2.680223E2	2.086409E2	-4.397373E2
1.199840E0	8.594822E1	-2.681954E2	1.976834E2	-4.457502E2
1.216504E0	8.293848E1	-2.692066E2	1.829779E2	-4.490538E2
1.233168E0	7.911330E1	-2.701847E2	1.691608E2	-4.552485E2
1.249833E0	7.461519E1	-2.717253E2	1.529941E2	-4.624932E2
1.266497E0	7.030848E1	-2.737984E2	1.353673E2	-4.690668E2
1.283162E0	6.422550E1	-2.746295E2	1.187773E2	-4.764398E2
1.299826E0	5.709927E1	-2.759201E2	9.995608E1	-4.840800E2
1.316491E0	4.965737E1	-2.773194E2	7.820504E1	-4.858962E2
1.333155E0	4.225220E1	-2.788344E2	5.730034E1	-4.903201E2
1.349819E0	3.271578E1	-2.795894E2	3.468087E1	-4.883421E2
1.366484E0	2.384268E1	-2.805601E2	1.394051E1	-4.893655E2
1.383148E0	1.363676E1	-2.809932E2	-7.173641E0	-4.892291E2
1.399813E0	3.165716E0	-2.809280E2	-2.682144E1	-4.875303E2
1.416477E0	-7.028332E0	-2.810984E2	-4.673061E1	-4.857231E2
1.433142E0	-1.810048E1	-2.804501E2	-6.457380E1	-4.840889E2
1.449806E0	-2.854469E1	-2.798240E2	-8.088199E1	-4.818322E2
1.466471E0	-3.955998E1	-2.782204E2	-9.715727E1	-4.809467E2
1.483135E0	-4.980017E1	-2.759574E2	-1.133267E2	-4.754730E2
1.499799E0	-5.928926E1	-2.743900E2	-1.266508E2	-4.719022E2
1.516464E0	-6.791616E1	-2.721998E2	-1.394711E2	-4.688722E2
1.533128E0	-7.660039E1	-2.700024E2	-1.513379E2	-4.652156E2
1.549793E0	-8.350901E1	-2.679403E2	-1.616657E2	-4.620057E2
1.566457E0	-8.953378E1	-2.660580E2	-1.715201E2	-4.583007E2
1.583122E0	-9.494651E1	-2.636625E2	-1.808068E2	-4.547918E2
1.599786E0	-9.841924E1	-2.630810E2	-1.879572E2	-4.519789E2
1.616450E0	-1.021273E2	-2.609367E2	-1.943165E2	-4.487760E2
1.633115E0	-1.033196E2	-2.609763E2	-1.987290E2	-4.469399E2
1.649779E0	-1.044657E2	-2.603669E2	-2.005119E2	-4.470283E2
1.666444E0	-1.034279E2	-2.611635E2	-2.028275E2	-4.451511E2
1.683108E0	-1.022422E2	-2.610299E2	-2.049165E2	-4.432677E2
1.699773E0	-9.966046E1	-2.624346E2	-2.042176E2	-4.430927E2
1.716437E0	-9.546981E1	-2.640705E2	-2.009251E2	-4.449105E2
1.733102E0	-9.151219E1	-2.652383E2	-1.985100E2	-4.449319E2
1.749766E0	-8.518636E1	-2.675894E2	-1.928675E2	-4.469255E2
1.766430E0	-7.969478E1	-2.691570E2	-1.876344E2	-4.484813E2
1.783095E0	-7.203712E1	-2.712797E2	-1.787572E2	-4.508370E2
1.799759E0	-6.544645E1	-2.727732E2	-1.686880E2	-4.544916E2
1.816424E0	-5.640558E1	-2.753689E2	-1.548610E2	-4.598733E2
1.833088E0	-4.785266E1	-2.767569E2	-1.414437E2	-4.638471E2
1.849753E0	-3.985428E1	-2.777738E2	-1.258695E2	-4.688772E2
1.866417E0	-3.040121E1	-2.798261E2	-1.097686E2	-4.731145E2
1.883081E0	-2.284577E1	-2.795327E2	-9.203836E1	-4.768774E2
1.899746E0	-1.388084E1	-2.803636E2	-7.155891E1	-4.818907E2
1.916410E0	-4.974053E0	-2.810454E2	-5.050822E1	-4.848642E2
1.933075E0	2.950311E0	-2.810106E2	-2.848678E1	-4.877264E2
1.949739E0	1.072990E1	-2.810047E2	-5.226725E0	-4.898446E2
1.966404E0	1.840839E1	-2.804076E2	1.901559E1	-4.932254E2
1.983068E0	2.593221E1	-2.803913E2	4.236339E1	-4.891883E2
1.999733E0	3.239502E1	-2.792360E2	6.623655E1	-4.874647E2
2.016397E0	3.958232E1	-2.793751E2	8.794189E1	-4.816574E2
2.033061E0	4.561376E1	-2.783063E2	1.095413E2	-4.760236E2
2.049726E0	5.129133E1	-2.769204E2	1.296925E2	-4.698589E2
2.066390E0	5.703106E1	-2.759031E2	1.500699E2	-4.641375E2
2.083055E0	6.250549E1	-2.750976E2	1.673102E2	-4.577246E2
2.099719E0	6.759706E1	-2.738841E2	1.831642E2	-4.506292E2
2.116384E0	7.241417E1	-2.728764E2	1.960257E2	-4.435900E2
2.133048E0	7.682042E1	-2.714907E2	2.067952E2	-4.370175E2
2.149712E0	8.064519E1	-2.705168E2	2.153847E2	-4.306824E2
2.166377E0	8.392492E1	-2.693000E2	2.164813E2	-4.276591E2
2.183041E0	8.659104E1	-2.684866E2	2.220475E2	-4.264002E2
2.199706E0	8.944568E1	-2.682910E2	2.234592E2	-4.224354E2
2.216370E0	9.055433E1	-2.673447E2	2.243470E2	-4.223919E2
2.233035E0	9.183097E1	-2.670386E2	2.242810E2	-4.244167E2
2.249699E0	9.227646E1	-2.674136E2	2.204793E2	-4.259992E2
2.266364E0	9.171382E1	-2.671376E2	2.163927E2	-4.292971E2
2.283028E0	9.031306E1	-2.675333E2	2.089515E2	-4.351903E2
2.299692E0	8.899095E1	-2.678191E2	2.007612E2	-4.422096E2
2.316357E0	8.567334E1	-2.683549E2	1.921895E2	-4.459996E2
2.333021E0	8.262539E1	-2.694041E2	1.792186E2	-4.535895E2
2.349686E0	7.864570E1	-2.706469E2	1.639726E2	-4.596546E2
2.366350E0	7.487740E1	-2.723535E2	1.490892E2	-4.680064E2
2.383015E0	6.956477E1	-2.738207E2	1.318450E2	-4.740046E2
2.399679E0	6.284338E1	-2.748904E2	1.137038E2	-4.767347E2
2.416343E0	5.661015E1	-2.768641E2	9.307017E1	-4.812967E2
2.433008E0	4.869621E1	-2.780009E2	7.291870E1	-4.856031E2
2.449672E0	4.031785E1	-2.789335E2	5.378749E1	-4.888305E2
2.466337E0	3.015242E1	-2.794428E2	3.316261E1	-4.907201E2
2.483001E0	2.110013E1	-2.805197E2	1.150133E1	-4.888111E2
2.499666E0	1.090517E1	-2.808968E2	-6.992006E0	-4.919925E2
2.516330E0	6.118291E-1	-2.811681E2	-2.689156E1	-4.909584E2
2.532995E0	-9.400618E0	-2.812777E2	-4.528462E1	-4.893804E2
2.549659E0	-2.035033E1	-2.805415E2	-6.316747E1	-4.849671E2
2.566323E0	-3.178662E1	-2.786774E2	-8.100892E1	-4.822243E2
2.582988E0	-4.132044E1	-2.780259E2	-9.729695E1	-4.789270E2
2.599652E0	-5.131524E1	-2.762281E2	-1.127543E2	-4.757217E2
2.616317E0	-6.048472E1	-2.744516E2	-1.268110E2	-4.728307E2
2.632981E0	-6.880632E1	-2.720282E2	-1.394427E2	-4.694091E2
2.649646E0	-7.714731E1	-2.695874E2	-1.501134E2	-4.657441E2
2.666310E0	-8.380951E1	-2.681821E2	-1.618088E2	-4.622737E2
2.682974E0	-8.948810E1	-2.660621E2	-1.718285E2	-4.587063E2
2.699639E0	-9.449973E1	-2.642378E2	-1.806217E2	-4.548367E2
2.716303E0	-9.773785E1	-2.634169E2	-1.867485E2	-4.528267E2
2.732968E0	-1.002379E2	-2.619452E2	-1.918765E2	-4.506244E2
2.749632E0	-1.011661E2	-2.617123E2	-1.978869E2	-4.471712E2
2.766297E0	-1.021740E2	-2.610002E2	-2.011398E2	-4.452321E2
2.782961E0	-1.015556E2	-2.614608E2	-2.028079E2	-4.447911E2
2.799626E0	-9.956193E1	-2.623673E2	-2.044876E2	-4.432365E2
2.816290E0	-9.676549E1	-2.634935E2	-2.035832E2	-4.432729E2
2.832954E0	-9.256222E1	-2.651760E2	-2.017632E2	-4.432054E2
2.849619E0	-8.843279E1	-2.660958E2	-1.970033E2	-4.451415E2
2.866283E0	-8.202786E1	-2.683986E2	-1.917721E2	-4.469731E2
2.882948E0	-7.664169E1	-2.700941E2	-1.839523E2	-4.504176E2
2.899612E0	-6.896673E1	-2.721662E2	-1.756388E2	-4.523677E2
2.916277E0	-6.245636E1	-2.736878E2	-1.649427E2	-4.557585E2
2.932941E0	-5.452598E1	-2.755190E2	-1.525974E2	-4.600144E2
2.949605E0	-4.602241E1	-2.769477E2	-1.386233E2	-4.640345E2
2.966270E0	-3.820801E1	-2.780697E2	-1.228001E2	-4.689830E2
2.982934E0	-2.910409E1	-2.796363E2	-1.057400E2	-4.735665E2
2.999599E0	-2.076962E1	-2.802105E2	-8.751778E1	-4.787820E2
3.016263E0	-1.321001E1	-2.805600E2	-6.664450E1	-4.826422E2
3.032928E0	-4.432741E0	-2.813045E2	-4.491584E1	-4.860804E2
3.049592E0	3.095879E0	-2.809712E2	-2.304504E1	-4.885523E2
3.066257E0	1.057973E1	-2.810291E2	4.596666E-1	-4.934605E2
3.082921E0	1.796939E1	-2.806644E2	2.377253E1	-4.928466E2
3.099585E0	2.540108E1	-2.801638E2	4.741682E1	-4.890095E2
3.116250E0	3.158045E1	-2.797088E2	7.094708E1	-4.887145E2
3.132914E0	3.888473E1	-2.791656E2	9.253211E1	-4.806683E2
3.149579E0	4.483147E1	-2.782115E2	1.138961E2	-4.750353E2
3.166243E0	5.073708E1	-2.772397E2	1.348098E2	-4.717851E2
3.182908E0	5.650947E1	-2.762399E2	1.507572E2	-4.622023E2
3.199572E0	6.205712E1	-2.748357E2	1.675414E2	-4.576440E2
3.216236E0	6.734228E1	-2.740616E2	1.787816E2	-4.500798E2
3.232901E0	7.224992E1	-2.724088E2	1.947307E2	-4.443207E2
3.249565E0	7.672311E1	-2.715779E2	2.031659E2	-4.392578E2
3.266230E0	8.065979E1	-2.704692E2	2.112885E2	-4.349474E2
3.282894E0	8.407033E1	-2.691453E2	2.174383E2	-4.314487E2
3.299559E0	8.686300E1	-2.682866E2	2.202033E2	-4.287906E2
3.316223E0	8.966000E1	-2.681425E2	2.223036E2	-4.278928E2
3.332888E0	9.091335E1	-2.670960E2	2.223850E2	-4.276451E2
3.349552E0	9.210386E1	-2.667675E2	2.208348E2	-4.293494E2
3.366216E0	9.245627E1	-2.672371E2	2.178222E2	-4.319809E2
3.382881E0	9.181232E1	-2.670299E2	2.129759E2	-4.361007E2
3.399545E0	9.046761E1	-2.674048E2	2.102762E2	-4.403523E2
3.416210E0	8.875456E1	-2.680465E2	1.985605E2	-4.438624E2
3.432874E0	8.547719E1	-2.685210E2	1.858897E2	-4.525239E2
3.449539E0	8.216821E1	-2.691674E2	1.741995E2	-4.594958E2
3.466203E0	7.780246E1	-2.705887E2	1.587417E2	-4.639631E2
3.482867E0	7.384811E1	-2.724424E2	1.467679E2	-4.715647E2
3.499532E0	6.791010E1	-2.737820E2	1.285122E2	-4.739482E2
3.516196E0	6.194761E1	-2.755679E2	1.103199E2	-4.784103E2
3.532861E0	5.438241E1	-2.771550E2	9.116904E1	-4.828799E2
3.549525E0	4.637399E1	-2.779148E2	7.146598E1	-4.868755E2
3.566190E0	3.753776E1	-2.794684E2	5.115945E1	-4.892037E2
3.582854E0	2.860838E1	-2.805220E2	3.013437E1	-4.919985E2
3.599519E0	1.845483E1	-2.809561E2	1.195247E1	-4.917783E2
3.616183E0	7.810615E0	-2.810466E2	-8.400569E0	-4.893673E2
3.632847E0	-2.289082E0	-2.812299E2	-2.705123E1	-4.907028E2
3.649512E0	-1.334820E1	-2.806240E2	-4.763880E1	-4.867994E2
3.666176E0	-2.386893E1	-2.795525E2	-6.348259E1	-4.857556E2
3.682841E0	-3.396011E1	-2.787109E2	-8.113046E1	-4.826450E2
3.699505E0	-4.427982E1	-2.772095E2	-9.757530E1	-4.790593E2
3.716170E0	-5.384433E1	-2.750986E2	-1.122835E2	-4.772290E2
3.732834E0	-6.274302E1	-2.731278E2	-1.265648E2	-4.734006E2
3.749498E0	-7.050385E1	-2.717492E2	-1.394713E2	-4.698431E2
3.766163E0	-7.761382E1	-2.699341E2	-1.515061E2	-4.656762E2
3.782827E0	-8.395837E1	-2.674990E2	-1.621276E2	-4.619167E2
3.799492E0	-8.936838E1	-2.659679E2	-1.719516E2	-4.584048E2
3.816156E0	-9.314712E1	-2.647016E2	-1.806578E2	-4.547253E2
3.832821E0	-9.686841E1	-2.635274E2	-1.872088E2	-4.523397E2
3.849485E0	-9.922334E1	-2.620280E2	-1.938494E2	-4.491166E2
3.866150E0	-9.989470E1	-2.625865E2	-1.979177E2	-4.470798E2
3.882814E0	-9.992139E1	-2.625979E2	-2.013464E2	-4.450267E2
3.899478E0	-9.839402E1	-2.630304E2	-2.042061E2	-4.431961E2
3.916143E0	-9.699805E1	-2.626831E2	-2.039358E2	-4.432099E2
3.932807E0	-9.330695E1	-2.648430E2	-2.026830E2	-4.428911E2
3.949472E0	-9.054641E1	-2.653606E2	-2.004549E2	-4.431672E2
3.966136E0	-8.568740E1	-2.672468E2	-1.959580E2	-4.450225E2
3.982801E0	-7.997724E1	-2.684508E2	-1.900551E2	-4.470853E2
3.999465E0	-7.383825E1	-2.702557E2	-1.817535E2	-4.505490E2
4.016129E0	-6.708223E1	-2.723442E2	-1.727036E2	-4.541807E2
4.032794E0	-5.978849E1	-2.739785E2	-1.619438E2	-4.566265E2
4.049458E0	-5.195014E1	-2.759634E2	-1.482320E2	-4.618153E2
4.066123E0	-4.468542E1	-2.767906E2	-1.351446E2	-4.658991E2
4.082787E0	-3.712859E1	-2.779735E2	-1.191897E2	-4.703804E2
4.099452E0	-2.816940E1	-2.796288E2	-1.010727E2	-4.753156E2
4.116116E0	-1.999390E1	-2.803533E2	-8.255092E1	-4.794295E2
4.132781E0	-1.283072E1	-2.802698E2	-6.145448E1	-4.850235E2
4.149445E0	-4.255648E0	-2.811966E2	-3.981308E1	-4.884280E2
4.166109E0	3.039427E0	-2.809757E2	-1.743849E1	-4.931482E2
4.182774E0	1.021332E1	-2.807131E2	6.144358E0	-4.925382E2
4.199438E0	1.769130E1	-2.807473E2	3.004882E1	-4.904418E2
4.216103E0	2.481804E1	-2.804483E2	5.296340E1	-4.893638E2
4.232767E0	3.107945E1	-2.794282E2	7.529004E1	-4.853874E2
4.249432E0	3.826486E1	-2.790014E2	9.553584E1	-4.795883E2
4.266096E0	4.435985E1	-2.779548E2	1.166660E2	-4.754615E2
4.282760E0	5.031000E1	-2.769248E2	1.355832E2	-4.677139E2
4.299425E0	5.611957E1	-2.759231E2	1.509792E2	-4.599017E2
4.316089E0	6.176055E1	-2.749593E2	1.670657E2	-4.558347E2
4.332754E0	6.715357E1	-2.735696E2	1.808588E2	-4.503526E2
4.349418E0	7.217893E1	-2.724248E2	1.896568E2	-4.436829E2
4.366083E0	7.678029E1	-2.715022E2	1.992379E2	-4.393405E2
4.382747E0	8.098980E1	-2.702474E2	2.087112E2	-4.359709E2
4.399412E0	8.436239E1	-2.696118E2	2.130737E2	-4.330478E2
4.416076E0	8.706330E1	-2.681146E2	2.170794E2	-4.317037E2
4.432740E0	9.002237E1	-2.677666E2	2.188902E2	-4.318556E2
4.449405E0	9.119408E1	-2.675753E2	2.182349E2	-4.319389E2
4.466069E0	9.241307E1	-2.672837E2	2.173791E2	-4.338986E2
4.482734E0	9.265871E1	-2.670510E2	2.154023E2	-4.372583E2
4.499398E0	9.193341E1	-2.669320E2	2.083684E2	-4.403274E2
4.516063E0	9.031684E1	-2.674801E2	1.997634E2	-4.445797E2
4.532727E0	8.854624E1	-2.682028E2	1.907212E2	-4.494514E2
4.549391E0	8.485248E1	-2.683387E2	1.805789E2	-4.553169E2
4.566056E0	8.209919E1	-2.699325E2	1.681450E2	-4.616782E2
4.582720E0	7.750799E1	-2.715605E2	1.532233E2	-4.672759E2
4.599385E0	7.201585E1	-2.725601E2	1.377147E2	-4.730062E2
4.616049E0	6.692230E1	-2.745627E2	1.225587E2	-4.785180E2
4.632714E0	5.945364E1	-2.760371E2	1.039355E2	-4.816325E2
4.649378E0	5.176716E1	-2.770905E2	8.803409E1	-4.857608E2
4.666043E0	4.343909E1	-2.785010E2	6.686125E1	-4.895019E2
4.682707E0	3.450776E1	-2.796260E2	4.770468E1	-4.904909E2
4.699371E0	2.541649E1	-2.803071E2	2.789160E1	-4.914155E2
4.716036E0	1.482039E1	-2.808862E2	9.139928E0	-4.929433E2
4.732700E0	4.732133E0	-2.810854E2	-9.701327E0	-4.927017E2
4.749365E0	-5.363926E0	-2.812878E2	-2.865110E1	-4.893052E2
4.766029E0	-1.600410E1	-2.804512E2	-4.694952E1	-4.873734E2
4.782694E0	-2.631921E1	-2.797852E2	-6.443715E1	-4.851291E2
4.799358E0	-3.604861E1	-2.787133E2	-8.126614E1	-4.827700E2
4.816022E0	-4.595259E1	-2.769623E2	-9.777312E1	-4.791234E2
4.832687E0	-5.521322E1	-2.753081E2	-1.113370E2	-4.769806E2
4.849351E0	-6.371525E1	-2.737745E2	-1.252949E2	-4.736858E2
4.866016E0	-7.114598E1	-2.715179E2	-1.395117E2	-4.697379E2
4.882680E0	-7.785203E1	-2.693154E2	-1.503695E2	-4.660020E2
4.899345E0	-8.391226E1	-2.674887E2	-1.620649E2	-4.620962E2
4.916009E0	-8.896550E1	-2.656563E2	-1.713982E2	-4.583658E2
4.932674E0	-9.245323E1	-2.650708E2	-1.808649E2	-4.547534E2
4.949338E0	-9.526165E1	-2.639579E2	-1.890554E2	-4.511961E2
4.966002E0	-9.724895E1	-2.629649E2	-1.944556E2	-4.488135E2
4.982667E0	-9.781013E1	-2.634673E2	-1.980087E2	-4.470156E2
4.999331E0	-9.756909E1	-2.632699E2	-2.015125E2	-4.448970E2
5.015996E0	-9.671415E1	-2.635517E2	-2.035180E2	-4.431968E2
5.032660E0	-9.430283E1	-2.640274E2	-2.035325E2	-4.429550E2
5.049325E0	-9.138298E1	-2.650803E2	-2.020599E2	-4.432848E2
5.065989E0	-8.711537E1	-2.666619E2	-1.998276E2	-4.432803E2
5.082653E0	-8.272320E1	-2.683052E2	-1.947580E2	-4.450030E2
5.099318E0	-7.718609E1	-2.696362E2	-1.878673E2	-4.486855E2
5.115982E0	-7.110555E1	-2.714241E2	-1.803731E2	-4.511541E2
5.132647E0	-6.428793E1	-2.734371E2	-1.709772E2	-4.545782E2
5.149311E0	-5.810018E1	-2.743112E2	-1.591572E2	-4.586056E2
5.165976E0	-5.032536E1	-2.763104E2	-1.456801E2	-4.641461E2
5.182640E0	-4.229344E1	-2.780467E2	-1.306506E2	-4.689940E2
5.199305E0	-3.483942E1	-2.786277E2	-1.149758E2	-4.753119E2
5.215969E0	-2.719050E1	-2.796712E2	-9.557802E1	-4.779824E2
5.232633E0	-1.923909E1	-2.805037E2	-7.616774E1	-4.820861E2
5.249298E0	-1.223781E1	-2.805031E2	-5.642951E1	-4.867005E2
5.265962E0	-3.854750E0	-2.809861E2	-3.392273E1	-4.896886E2
5.282627E0	3.066333E0	-2.809438E2	-1.141707E1	-4.931691E2
5.299291E0	1.036061E1	-2.806673E2	1.177473E1	-4.903631E2
5.315956E0	1.733130E1	-2.804537E2	3.518774E1	-4.908672E2
5.332620E0	2.478710E1	-2.805268E2	5.760306E1	-4.883240E2
5.349284E0	3.075079E1	-2.796312E2	7.927087E1	-4.833758E2
5.365949E0	3.812373E1	-2.791444E2	1.012253E2	-4.814723E2
5.382613E0	4.428159E1	-2.779822E2	1.199587E2	-4.738887E2
5.399278E0	5.032275E1	-2.769013E2	1.359591E2	-4.664343E2
5.415942E0	5.627700E1	-2.758753E2	1.539137E2	-4.628974E2
5.432607E0	6.203898E1	-2.747894E2	1.677393E2	-4.568455E2
5.449271E0	6.760019E1	-2.738680E2	1.778106E2	-4.475718E2
5.465936E0	7.278571E1	-2.726189E2	1.930283E2	-4.425335E2
5.482600E0	7.740344E1	-2.716877E2	2.023214E2	-4.409292E2
5.499264E0	8.149709E1	-2.705338E2	2.098860E2	-4.379213E2
5.515929E0	8.497090E1	-2.691427E2	2.110457E2	-4.360977E2
5.532593E0	8.774645E1	-2.682776E2	2.144608E2	-4.346434E2
5.549258E0	9.051702E1	-2.681980E2	2.153985E2	-4.345969E2
5.565922E0	9.162170E1	-2.672101E2	2.144708E2	-4.349200E2
5.582587E0	9.263944E1	-2.670933E2	2.122320E2	-4.372779E2
5.599251E0	9.272602E1	-2.670036E2	2.090784E2	-4.408072E2
5.615915E0	9.178803E1	-2.670579E2	2.024478E2	-4.431403E2
5.632580E0	8.984048E1	-2.672340E2	1.955950E2	-4.483542E2
5.649244E0	8.780893E1	-2.681824E2	1.853127E2	-4.520719E2
5.665909E0	8.483994E1	-2.691908E2	1.734506E2	-4.560570E2
5.682573E0	8.077610E1	-2.702493E2	1.637979E2	-4.637773E2
5.699238E0	7.571763E1	-2.714686E2	1.482861E2	-4.665488E2
5.715902E0	6.986022E1	-2.726446E2	1.333308E2	-4.712992E2
5.732567E0	6.408446E1	-2.744953E2	1.193416E2	-4.786007E2
5.749231E0	5.676312E1	-2.761106E2	9.946983E1	-4.799792E2
5.765895E0	4.970046E1	-2.780209E2	8.488745E1	-4.879273E2
5.782560E0	4.108833E1	-2.790503E2	6.538666E1	-4.898194E2
5.799224E0	3.107485E1	-2.795109E2	4.637188E1	-4.896097E2
5.815889E0	2.193901E1	-2.805290E2	2.689508E1	-4.927136E2
5.832553E0	1.170123E1	-2.810082E2	7.273186E0	-4.898605E2
5.849218E0	1.579988E0	-2.812108E2	-1.113087E1	-4.902127E2
5.865882E0	-8.112128E0	-2.811367E2	-2.959569E1	-4.895911E2
5.882546E0	-1.886293E1	-2.803576E2	-4.716841E1	-4.879233E2
5.899211E0	-2.864745E1	-2.792945E2	-6.396030E1	-4.860561E2
5.915875E0	-3.898591E1	-2.779242E2	-8.117377E1	-4.828176E2
5.932540E0	-4.748818E1	-2.772013E2	-9.708980E1	-4.799375E2
5.949204E0	-5.633247E1	-2.753241E2	-1.117949E2	-4.770032E2
5.965869E0	-6.433481E1	-2.734745E2	-1.261222E2	-4.734630E2
5.982533E0	-7.164010E1	-2.718500E2	-1.394561E2	-4.696716E2
5.999198E0	-7.802394E1	-2.694983E2	-1.516229E2	-4.657467E2
6.015862E0	-8.355830E1	-2.680941E2	-1.623536E2	-4.622598E2
6.032526E0	-8.755079E1	-2.670869E2	-1.721968E2	-4.584088E2
6.049191E0	-9.160250E1	-2.653027E2	-1.808814E2	-4.547597E2
6.065855E0	-9.330474E1	-2.648967E2	-1.884836E2	-4.510124E2
6.082520E0	-9.516323E1	-2.638814E2	-1.930110E2	-4.489767E2
6.099184E0	-9.541998E1	-2.641041E2	-1.973871E2	-4.467795E2
6.115849E0	-9.511473E1	-2.638363E2	-2.008226E2	-4.450122E2
6.132513E0	-9.330662E1	-2.648937E2	-2.024675E2	-4.431993E2
6.149177E0	-9.161848E1	-2.653348E2	-2.021121E2	-4.430407E2
6.165842E0	-8.857748E1	-2.662837E2	-2.008468E2	-4.428539E2
6.182506E0	-8.421393E1	-2.677470E2	-1.975213E2	-4.433152E2
6.199171E0	-8.006064E1	-2.686139E2	-1.934334E2	-4.451634E2
6.215835E0	-7.450696E1	-2.708517E2	-1.857908E2	-4.479044E2
6.232500E0	-6.833213E1	-2.725420E2	-1.775502E2	-4.508069E2
6.249164E0	-6.247915E1	-2.736975E2	-1.676554E2	-4.549800E2
6.265829E0	-5.545705E1	-2.754765E2	-1.556735E2	-4.598839E2
6.282493E0	-4.894021E1	-2.760541E2	-1.416728E2	-4.639599E2
6.299157E0	-4.093566E1	-2.777718E2	-1.262568E2	-4.694899E2
6.315822E0	-3.373728E1	-2.785139E2	-1.089792E2	-4.737705E2
6.332486E0	-2.614673E1	-2.796483E2	-9.086046E1	-4.784368E2
6.349151E0	-1.851014E1	-2.806933E2	-7.113447E1	-4.824870E2
6.365815E0	-1.161363E1	-2.801252E2	-4.970960E1	-4.876181E2
6.382480E0	-3.525725E0	-2.813312E2	-2.765178E1	-4.900166E2
6.399144E0	3.465007E0	-2.813280E2	-5.432910E0	-4.910767E2
6.415808E0	1.039467E1	-2.806142E2	1.677555E1	-4.928928E2
6.432473E0	1.757395E1	-2.808602E2	4.043367E1	-4.923556E2
6.449137E0	2.478892E1	-2.805668E2	6.271333E1	-4.896463E2
6.465802E0	3.098867E1	-2.795324E2	8.377469E1	-4.858112E2
6.482466E0	3.842920E1	-2.794432E2	1.047123E2	-4.808517E2
6.499131E0	4.461879E1	-2.783231E2	1.217860E2	-4.729027E2
6.515795E0	5.081963E1	-2.771768E2	1.385207E2	-4.668978E2
6.532460E0	5.685778E1	-2.759961E2	1.537975E2	-4.611397E2
6.549124E0	6.270250E1	-2.749057E2	1.665827E2	-4.558650E2
6.565788E0	6.826358E1	-2.734823E2	1.812850E2	-4.516226E2
6.582453E0	7.368098E1	-2.726249E2	1.935666E2	-4.457211E2
6.599117E0	7.812887E1	-2.712049E2	1.993475E2	-4.431582E2
6.615782E0	8.229887E1	-2.706088E2	2.048112E2	-4.404817E2
6.632446E0	8.565702E1	-2.693037E2	2.092330E2	-4.387325E2
6.649111E0	8.829129E1	-2.685744E2	2.137206E2	-4.385000E2
6.665775E0	9.009614E1	-2.670718E2	2.155000E2	-4.383612E2
6.682439E0	9.184742E1	-2.670724E2	2.114606E2	-4.394871E2
6.699104E0	9.268181E1	-2.670673E2	2.082940E2	-4.413960E2
6.715768E0	9.264314E1	-2.671064E2	2.047443E2	-4.436346E2
6.732433E0	9.140794E1	-2.673960E2	1.986086E2	-4.472560E2
6.749097E0	9.007136E1	-2.677668E2	1.908855E2	-4.513733E2
6.765762E0	8.781821E1	-2.690073E2	1.829336E2	-4.567009E2
6.782426E0	8.350494E1	-2.696010E2	1.687199E2	-4.585799E2
6.799091E0	8.012400E1	-2.709112E2	1.581031E2	-4.667256E2
6.815755E0	7.475456E1	-2.724109E2	1.461421E2	-4.712907E2
6.832419E0	6.865048E1	-2.737720E2	1.290684E2	-4.762898E2
6.849084E0	6.173251E1	-2.749789E2	1.148561E2	-4.803620E2
6.865748E0	5.506107E1	-2.767386E2	9.700552E1	-4.850795E2
6.882413E0	4.654507E1	-2.781870E2	7.932237E1	-4.876778E2
6.899077E0	3.778326E1	-2.793245E2	6.264857E1	-4.902744E2
6.915742E0	2.883577E1	-2.804134E2	4.323049E1	-4.922610E2
6.932406E0	1.888784E1	-2.807984E2	2.498320E1	-4.937343E2
6.949070E0	8.637876E0	-2.811829E2	5.334249E0	-4.925292E2
6.965735E0	-1.284741E0	-2.812569E2	-1.256775E1	-4.943789E2
6.982399E0	-1.202361E1	-2.804532E2	-3.089363E1	-4.918747E2
6.999064E0	-2.100484E1	-2.803645E2	-4.914220E1	-4.921912E2
7.015728E0	-3.176680E1	-2.786553E2	-6.586317E1	-4.896387E2
7.032393E0	-4.059666E1	-2.781776E2	-8.372498E1	-4.826917E2
7.049057E0	-4.996748E1	-2.760718E2	-9.772689E1	-4.806161E2
7.065722E0	-5.820535E1	-2.743688E2	-1.131938E2	-4.771211E2
7.082386E0	-6.594696E1	-2.723353E2	-1.280522E2	-4.736561E2
7.099050E0	-7.186294E1	-2.711662E2	-1.411298E2	-4.699023E2
7.115715E0	-7.802066E1	-2.694790E2	-1.529593E2	-4.665857E2
7.132379E0	-8.244070E1	-2.689075E2	-1.640009E2	-4.623181E2
7.149044E0	-8.693750E1	-2.665306E2	-1.739469E2	-4.581772E2
7.165708E0	-8.994513E1	-2.654744E2	-1.824462E2	-4.547553E2
7.182373E0	-9.229015E1	-2.649744E2	-1.885869E2	-4.522897E2
7.199037E0	-9.311179E1	-2.646381E2	-1.939858E2	-4.509968E2
7.215701E0	-9.325933E1	-2.648660E2	-1.982693E2	-4.466307E2
7.232366E0	-9.359144E1	-2.644458E2	-2.009834E2	-4.450068E2
7.249030E0	-9.176139E1	-2.654414E2	-2.020254E2	-4.442052E2
7.265695E0	-8.925287E1	-2.659036E2	-2.015546E2	-4.438606E2
7.282359E0	-8.623396E1	-2.668306E2	-1.987122E2	-4.462390E2
7.299024E0	-8.253955E1	-2.681597E2	-1.952975E2	-4.466373E2
7.315688E0	-7.747774E1	-2.698689E2	-1.897256E2	-4.482991E2
7.332353E0	-7.190495E1	-2.711205E2	-1.838260E2	-4.496894E2
7.349017E0	-6.677487E1	-2.721048E2	-1.745236E2	-4.525747E2
7.365681E0	-6.018569E1	-2.742756E2	-1.628794E2	-4.564557E2
7.382346E0	-5.416166E1	-2.753180E2	-1.509528E2	-4.622438E2
7.399010E0	-4.678307E1	-2.766997E2	-1.367602E2	-4.667690E2
7.415675E0	-3.992764E1	-2.778125E2	-1.203530E2	-4.727955E2
7.432339E0	-3.287612E1	-2.786505E2	-1.029504E2	-4.789000E2
7.449004E0	-2.543877E1	-2.798199E2	-8.460897E1	-4.859021E2
7.465668E0	-1.777515E1	-2.802501E2	-6.438986E1	-4.895280E2
7.482332E0	-1.003030E1	-2.811586E2	-4.323560E1	-4.915704E2
7.498997E0	-3.366549E0	-2.812702E2	-2.156933E1	-4.910320E2
7.515661E0	3.648578E0	-2.811889E2	3.487073E-1	-4.922098E2
7.532326E0	1.072466E1	-2.810140E2	2.303010E1	-4.922388E2
7.548990E0	1.766389E1	-2.808445E2	4.533673E1	-4.905529E2
7.565655E0	2.513471E1	-2.803695E2	6.691231E1	-4.885600E2
7.582319E0	3.124075E1	-2.793394E2	8.734194E1	-4.822155E2
7.598984E0	3.870553E1	-2.793103E2	1.070619E2	-4.793209E2
7.615648E0	4.504321E1	-2.780662E2	1.257639E2	-4.744093E2
7.632312E0	5.135809E1	-2.768089E2	1.411232E2	-4.672859E2
7.648977E0	5.748475E1	-2.761685E2	1.549537E2	-4.615960E2
7.665641E0	6.348094E1	-2.750094E2	1.691217E2	-4.575966E2
7.682306E0	6.899422E1	-2.735492E2	1.770883E2	-4.510161E2
7.698970E0	7.420834E1	-2.721772E2	1.878084E2	-4.471705E2
7.715635E0	7.877749E1	-2.713329E2	1.937399E2	-4.433810E2
7.732299E0	8.293320E1	-2.701043E2	2.007065E2	-4.420893E2
7.748963E0	8.609553E1	-2.688996E2	2.056919E2	-4.411078E2
7.765628E0	8.858128E1	-2.682590E2	2.078200E2	-4.408399E2
7.782292E0	9.025593E1	-2.676312E2	2.074274E2	-4.408471E2
7.798957E0	9.182508E1	-2.670417E2	2.056671E2	-4.412719E2
7.815621E0	9.254418E1	-2.671783E2	2.044795E2	-4.440550E2
7.832286E0	9.202813E1	-2.669109E2	2.032620E2	-4.438043E2
7.848950E0	9.057798E1	-2.673450E2	1.962119E2	-4.474890E2
7.865615E0	8.891070E1	-2.679890E2	1.859427E2	-4.541918E2
7.882279E0	8.635559E1	-2.693745E2	1.744145E2	-4.543354E2
7.898943E0	8.281683E1	-2.701679E2	1.694549E2	-4.629826E2
7.915608E0	7.804618E1	-2.712449E2	1.526558E2	-4.685255E2
7.932272E0	7.239402E1	-2.728379E2	1.419620E2	-4.729643E2
7.948937E0	6.583103E1	-2.738290E2	1.262169E2	-4.771535E2
7.965601E0	5.945688E1	-2.758893E2	1.106477E2	-4.808624E2
7.982266E0	5.184726E1	-2.768586E2	9.411248E1	-4.804186E2
7.998930E0	4.348789E1	-2.783210E2	7.540886E1	-4.871297E2
8.015594E0	3.439383E1	-2.791271E2	5.839194E1	-4.899270E2
8.032259E0	2.569107E1	-2.805857E2	3.971393E1	-4.924182E2
8.048923E0	1.507484E1	-2.808254E2	2.321072E1	-4.946532E2
8.065588E0	5.225859E0	-2.808657E2	2.865845E0	-4.909211E2
8.082252E0	-3.988350E0	-2.810834E2	-1.508031E1	-4.898329E2
8.098917E0	-1.473671E1	-2.802696E2	-3.176813E1	-4.896458E2
8.115581E0	-2.440736E1	-2.798747E2	-4.946115E1	-4.883906E2
8.132246E0	-3.362255E1	-2.785199E2	-6.688657E1	-4.853970E2
8.148910E0	-4.230822E1	-2.779875E2	-8.329786E1	-4.827268E2
8.165574E0	-5.108070E1	-2.760982E2	-1.002544E2	-4.791880E2
8.182239E0	-5.913990E1	-2.742972E2	-1.146085E2	-4.758411E2
8.198903E0	-6.645567E1	-2.727413E2	-1.288341E2	-4.720135E2
8.215568E0	-7.203105E1	-2.713348E2	-1.414074E2	-4.688632E2
8.232232E0	-7.783120E1	-2.692943E2	-1.541113E2	-4.641670E2
8.248897E0	-8.293373E1	-2.675492E2	-1.650145E2	-4.602343E2
8.265561E0	-8.637695E1	-2.669596E2	-1.736828E2	-4.573576E2
8.282225E0	-8.912918E1	-2.657784E2	-1.829382E2	-4.528956E2
8.298890E0	-9.041060E1	-2.659940E2	-1.896469E2	-4.496253E2
8.315554E0	-9.182330E1	-2.654719E2	-1.953855E2	-4.469199E2
8.332219E0	-9.109237E1	-2.655019E2	-1.979857E2	-4.459045E2
8.348883E0	-9.131098E1	-2.650314E2	-2.003072E2	-4.446131E2
8.365548E0	-8.936591E1	-2.659944E2	-2.010652E2	-4.431307E2
8.382212E0	-8.676148E1	-2.672702E2	-1.998004E2	-4.428849E2
8.398877E0	-8.362356E1	-2.681392E2	-1.980504E2	-4.430062E2
8.415541E0	-8.000067E1	-2.685336E2	-1.930333E2	-4.450998E2
8.432205E0	-7.497354E1	-2.703301E2	-1.879663E2	-4.467518E2
8.448870E0	-7.020271E1	-2.715974E2	-1.790269E2	-4.501871E2
8.465534E0	-6.423996E1	-2.734162E2	-1.696324E2	-4.542746E2
8.482199E0	-5.857729E1	-2.746555E2	-1.585087E2	-4.582563E2
8.498863E0	-5.172849E1	-2.756800E2	-1.463614E2	-4.621833E2
8.515528E0	-4.537893E1	-2.772256E2	-1.310356E2	-4.676426E2
8.532192E0	-3.874571E1	-2.777042E2	-1.152566E2	-4.724782E2
8.548856E0	-3.184566E1	-2.786431E2	-9.729831E1	-4.785437E2
8.565521E0	-2.455170E1	-2.799505E2	-7.858503E1	-4.822893E2
8.582185E0	-1.710424E1	-2.804291E2	-5.818605E1	-4.862469E2
8.598850E0	-1.052188E1	-2.807069E2	-3.734528E1	-4.876200E2
8.615514E0	-2.654394E0	-2.808056E2	-1.471345E1	-4.933113E2
8.632179E0	4.019951E0	-2.809432E2	6.703512E0	-4.914742E2
8.648843E0	1.104387E1	-2.807672E2	2.928496E1	-4.919429E2
8.665508E0	1.816853E1	-2.805060E2	5.101608E1	-4.905811E2
8.682172E0	2.572137E1	-2.805804E2	7.170866E1	-4.876871E2
8.698836E0	3.194171E1	-2.794904E2	9.059944E1	-4.791556E2
8.715501E0	3.930580E1	-2.789073E2	1.105738E2	-4.788184E2
8.732165E0	4.579160E1	-2.781666E2	1.279283E2	-4.725634E2
8.748830E0	5.215167E1	-2.769356E2	1.427724E2	-4.675689E2
8.765494E0	5.813545E1	-2.757193E2	1.582490E2	-4.618476E2
8.782159E0	6.434360E1	-2.749684E2	1.675885E2	-4.563310E2
8.798823E0	7.000412E1	-2.734736E2	1.769434E2	-4.520309E2
8.815487E0	7.519143E1	-2.721087E2	1.870237E2	-4.492718E2
8.832152E0	7.966776E1	-2.713634E2	1.965108E2	-4.453689E2
8.848816E0	8.361513E1	-2.702991E2	2.007399E2	-4.444102E2
8.865481E0	8.662804E1	-2.692428E2	2.029465E2	-4.429401E2
8.882145E0	8.894306E1	-2.680089E2	2.041512E2	-4.425820E2
8.898810E0	9.042936E1	-2.675047E2	2.045071E2	-4.430326E2
8.915474E0	9.173096E1	-2.671610E2	2.027889E2	-4.439324E2
8.932139E0	9.213087E1	-2.668441E2	1.987841E2	-4.452802E2
8.948803E0	9.140769E1	-2.674417E2	1.965027E2	-4.474934E2
8.965467E0	9.049929E1	-2.682018E2	1.923078E2	-4.518040E2
8.982132E0	8.760075E1	-2.683696E2	1.832699E2	-4.562259E2
8.998796E0	8.454221E1	-2.694787E2	1.738934E2	-4.585823E2
9.015461E0	8.056163E1	-2.705614E2	1.581941E2	-4.607176E2
9.032125E0	7.554674E1	-2.717906E2	1.493121E2	-4.700328E2
9.048790E0	7.055990E1	-2.736366E2	1.333786E2	-4.717540E2
9.065454E0	6.373804E1	-2.748256E2	1.188209E2	-4.754897E2
9.082118E0	5.619201E1	-2.759067E2	1.035280E2	-4.805609E2
9.098783E0	4.806262E1	-2.771396E2	8.899327E1	-4.854778E2
9.115447E0	4.071163E1	-2.792250E2	7.066172E1	-4.876653E2
9.132112E0	3.088540E1	-2.795333E2	5.438633E1	-4.912596E2
9.148776E0	2.206313E1	-2.805000E2	3.847379E1	-4.933018E2
9.165441E0	1.215316E1	-2.807385E2	1.896517E1	-4.903973E2
9.182105E0	2.455131E0	-2.813138E2	7.421402E-1	-4.914255E2
9.198770E0	-6.893448E0	-2.810247E2	-1.599942E1	-4.938630E2
9.215434E0	-1.698673E1	-2.803963E2	-3.404349E1	-4.934231E2
9.232098E0	-2.667486E1	-2.793888E2	-5.235607E1	-4.877561E2
9.248763E0	-3.532272E1	-2.789051E2	-6.961349E1	-4.844990E2
9.265427E0	-4.467854E1	-2.767791E2	-8.520655E1	-4.824041E2
9.282092E0	-5.214950E1	-2.761399E2	-1.011690E2	-4.789765E2
9.298756E0	-5.985699E1	-2.740769E2	-1.163598E2	-4.754674E2
9.315421E0	-6.681248E1	-2.722263E2	-1.293911E2	-4.728722E2
9.332085E0	-7.202011E1	-2.713417E2	-1.436660E2	-4.679220E2
9.348749E0	-7.761328E1	-2.700058E2	-1.554355E2	-4.641893E2
9.365414E0	-8.142236E1	-2.688683E2	-1.657679E2	-4.604327E2
9.382078E0	-8.468291E1	-2.681423E2	-1.746395E2	-4.566858E2
9.398743E0	-8.726956E1	-2.668301E2	-1.825482E2	-4.528007E2
9.415407E0	-8.920121E1	-2.658647E2	-1.898100E2	-4.489776E2
9.432072E0	-8.969104E1	-2.662392E2	-1.940446E2	-4.470066E2
9.448736E0	-8.960713E1	-2.661899E2	-1.978892E2	-4.447828E2
9.465401E0	-8.802975E1	-2.664488E2	-1.999532E2	-4.431507E2
9.482065E0	-8.684041E1	-2.673605E2	-1.990770E2	-4.431928E2
9.498729E0	-8.430990E1	-2.678560E2	-1.978143E2	-4.427911E2
9.515394E0	-8.106037E1	-2.685475E2	-1.956403E2	-4.438321E2
9.532058E0	-7.740402E1	-2.698795E2	-1.896086E2	-4.463732E2
9.548723E0	-7.316138E1	-2.706164E2	-1.834660E2	-4.485018E2
9.565387E0	-6.773784E1	-2.729324E2	-1.753229E2	-4.521918E2
9.582052E0	-6.252885E1	-2.737331E2	-1.660206E2	-4.560776E2
9.598716E0	-5.609669E1	-2.751507E2	-1.551988E2	-4.600595E2
9.615380E0	-5.029741E1	-2.763042E2	-1.410725E2	-4.653385E2
9.632045E0	-4.412744E1	-2.770921E2	-1.263535E2	-4.697210E2
9.648709E0	-3.647573E1	-2.790103E2	-1.090019E2	-4.757973E2
9.665374E0	-3.074536E1	-2.786330E2	-9.113971E1	-4.789620E2
9.682038E0	-2.370093E1	-2.794149E2	-7.194330E1	-4.825807E2
9.698703E0	-1.624370E1	-2.805377E2	-5.093674E1	-4.877488E2
9.715367E0	-9.770373E0	-2.802313E2	-2.991935E1	-4.904962E2
9.732032E0	-2.072838E0	-2.810589E2	-8.989749E0	-4.917628E2
9.748696E0	4.868425E0	-2.809710E2	1.324650E1	-4.920987E2
9.765360E0	1.181405E1	-2.808553E2	3.408389E1	-4.888741E2
9.782025E0	1.908614E1	-2.805009E2	5.569532E1	-4.899550E2
9.798689E0	2.660214E1	-2.805454E2	7.564319E1	-4.842216E2
9.815354E0	3.285836E1	-2.794604E2	9.384835E1	-4.789912E2
9.832018E0	4.049683E1	-2.793482E2	1.121927E2	-4.754582E2
9.848683E0	4.692367E1	-2.780449E2	1.303865E2	-4.725132E2
9.865347E0	5.338942E1	-2.772483E2	1.431041E2	-4.658859E2
9.882011E0	5.965470E1	-2.759269E2	1.575342E2	-4.619851E2
9.898676E0	6.558768E1	-2.748134E2	1.679281E2	-4.563752E2
9.915340E0	7.113564E1	-2.733080E2	1.768089E2	-4.521683E2
9.932005E0	7.630648E1	-2.726776E2	1.848758E2	-4.487254E2
9.948669E0	8.057640E1	-2.714303E2	1.912308E2	-4.469160E2
9.965334E0	8.430844E1	-2.705058E2	1.962691E2	-4.451729E2
9.981998E0	8.737086E1	-2.694043E2	1.988608E2	-4.440415E2
9.998663E0	8.946541E1	-2.683684E2	2.002527E2	-4.446615E2
