#multi: 13
	mass A		mass B		
t	x	y	x	y	
0.000000E0	-2.148676E1	-2.788201E2	1.273401E1	-4.902945E2
1.666452E-2	-1.851953E1	-2.789677E2	7.845749E0	-4.921105E2
3.332903E-2	-1.441380E1	-2.793463E2	2.158575E0	-4.935769E2
4.999355E-2	-1.038756E1	-2.795179E2	-2.492731E0	-4.949929E2
6.665806E-2	-5.893571E0	-2.797898E2		
8.332258E-2	-1.190887E0	-2.797054E2		
9.998710E-2	3.600178E0	-2.797003E2		
1.166516E-1	8.366502E0	-2.796929E2		
1.333161E-1	1.325127E1	-2.794949E2		
1.499806E-1	1.759331E1	-2.792962E2		
1.666452E-1	2.040695E1	-2.789077E2	-4.540687E1	-4.872244E2
1.833097E-1	2.358247E1	-2.786380E2	-4.725605E1	-4.857583E2
1.999742E-1	2.618915E1	-2.786528E2	-4.788212E1	-4.843938E2
2.166387E-1	2.788011E1	-2.783396E2	-4.728566E1	-4.843230E2
2.333032E-1	2.888666E1	-2.783297E2	-4.638207E1	-4.845917E2
2.499677E-1	2.910514E1	-2.785144E2	-4.316623E1	-4.857241E2
2.666323E-1	2.864954E1	-2.784665E2	-3.899622E1	-4.869713E2
2.832968E-1	2.726255E1	-2.787502E2	-3.310208E1	-4.885934E2
2.999613E-1	2.494295E1	-2.786483E2	-2.693629E1	-4.907042E2
3.166258E-1	2.274765E1	-2.790658E2	-1.902191E1	-4.927791E2
3.332903E-1	1.938257E1	-2.793460E2	-1.032211E1	-4.942711E2
3.499548E-1	1.592469E1	-2.795039E2	-1.338338E0	-4.960450E2
3.666194E-1	1.229348E1	-2.796040E2	7.774225E0	-4.961303E2
3.832839E-1	8.465743E0	-2.796998E2	1.721970E1	-4.946319E2
3.999484E-1	4.919842E0	-2.796541E2	2.524370E1	-4.940470E2
4.166129E-1	1.444915E0	-2.797422E2	3.295594E1	-4.907332E2
4.332774E-1	-1.359447E0	-2.797356E2	4.098271E1	-4.899881E2
4.499419E-1	-3.864105E0	-2.798348E2	4.616063E1	-4.875255E2
4.666065E-1	-5.434893E0	-2.795828E2	5.142654E1	-4.847950E2
4.832710E-1	-6.860869E0	-2.797757E2	5.497854E1	-4.830382E2
4.999355E-1	-7.406481E0	-2.796579E2	5.687126E1	-4.821445E2
5.166000E-1	-7.237702E0	-2.794668E2	5.739325E1	-4.821503E2
5.332645E-1	-6.715985E0	-2.797048E2	5.670616E1	-4.830464E2
5.499290E-1	-5.412924E0	-2.798252E2	5.455329E1	-4.842385E2
5.665935E-1	-2.977906E0	-2.797264E2	5.142180E1	-4.865742E2
5.832581E-1	-7.619914E-1	-2.798906E2	4.603415E1	-4.886686E2
5.999226E-1	2.864920E0	-2.795715E2	4.055761E1	-4.918138E2
6.165871E-1	6.118345E0	-2.798118E2	3.304919E1	-4.918580E2
6.332516E-1	1.013476E1	-2.796266E2	2.559649E1	-4.940806E2
6.499161E-1	1.448154E1	-2.793773E2	1.687265E1	-4.953709E2
6.665806E-1	1.824176E1	-2.793717E2	8.383054E0	-4.960936E2
6.832452E-1	2.251001E1	-2.790349E2	-1.161133E0	-4.945800E2
6.999097E-1	2.512136E1	-2.786957E2	-8.775275E0	-4.947178E2
7.165742E-1	2.807771E1	-2.784755E2	-1.592020E1	-4.924248E2
7.332387E-1	3.058696E1	-2.784056E2	-2.153788E1	-4.905358E2
7.499032E-1	3.240497E1	-2.782283E2	-2.735970E1	-4.883911E2
7.665677E-1	3.299507E1	-2.779278E2	-3.154097E1	-4.878625E2
7.832323E-1	3.299507E1	-2.779278E2	-3.482881E1	-4.868305E2
7.998968E-1	3.211222E1	-2.782571E2	-3.548746E1	-4.869492E2
8.165613E-1	3.044574E1	-2.784365E2	-3.788758E1	-4.873460E2
8.332258E-1	2.807414E1	-2.786860E2	-3.736066E1	-4.884766E2
8.498903E-1	2.551841E1	-2.789966E2	-3.581864E1	-4.895196E2
8.665548E-1	2.187255E1	-2.792290E2	-3.266112E1	-4.915904E2
8.832194E-1	1.744748E1	-2.793220E2	-2.907642E1	-4.930369E2
8.998839E-1	1.293671E1	-2.795345E2	-2.413181E1	-4.946953E2
9.165484E-1	8.098266E0	-2.797293E2	-1.860830E1	-4.957960E2
9.332129E-1	3.232578E0	-2.797365E2	-1.305838E1	-4.962446E2
9.498774E-1	-1.525833E0	-2.797520E2	-6.604697E0	-4.961490E2
9.665419E-1	-6.385670E0	-2.797015E2	-1.583643E0	-4.949399E2
9.832065E-1	-1.062389E1	-2.796130E2	3.591702E0	-4.936480E2
9.998710E-1	-1.413195E1	-2.793671E2	7.976231E0	-4.921163E2
1.016535E0	-1.866499E1	-2.789631E2	1.179901E1	-4.902930E2
1.033200E0	-2.065197E1	-2.788120E2	1.484105E1	-4.889998E2
1.049865E0	-2.219919E1	-2.787572E2	1.654117E1	-4.883286E2
1.066529E0	-2.300970E1	-2.787009E2	1.696837E1	-4.875153E2
1.083194E0	-2.325960E1	-2.787605E2	1.702342E1	-4.881175E2
1.099858E0	-2.248324E1	-2.788035E2	1.545509E1	-4.886937E2
1.116523E0	-2.101311E1	-2.787229E2	1.302874E1	-4.899195E2
1.133187E0	-1.908773E1	-2.788639E2	9.422985E0	-4.912385E2
1.149852E0	-1.585639E1	-2.795834E2	4.659135E0	-4.928381E2
1.166516E0	-1.211846E1	-2.794313E2	-5.424571E-1	-4.942499E2
1.183181E0	-8.040547E0	-2.795735E2	-5.832239E0	-4.949173E2
1.199845E0	-3.741957E0	-2.798351E2	-1.212810E1	-4.957977E2
1.216510E0	8.606133E-1	-2.798027E2	-1.769036E1	-4.958221E2
1.233174E0	5.793781E0	-2.797636E2	-2.380617E1	-4.949346E2
1.249839E0	1.039869E1	-2.796102E2	-2.951830E1	-4.938329E2
1.266503E0	1.484433E1	-2.794881E2	-3.505678E1	-4.927262E2
1.283168E0	1.884903E1	-2.792769E2	-3.889151E1	-4.911053E2
1.299832E0	2.249251E1	-2.790482E2	-4.118703E1	-4.891020E2
1.316497E0	2.511194E1	-2.790826E2	-4.308514E1	-4.875657E2
1.333161E0	2.693854E1	-2.786347E2	-4.394373E1	-4.870181E2
1.349826E0	2.842219E1	-2.786880E2	-4.280836E1	-4.865261E2
1.366490E0	2.910068E1	-2.785198E2	-4.026236E1	-4.871165E2
1.383155E0	2.910068E1	-2.785198E2	-3.702614E1	-4.884388E2
1.399819E0	2.852521E1	-2.784653E2	-3.220290E1	-4.897679E2
1.416484E0	2.663355E1	-2.787195E2	-2.685113E1	-4.910753E2
1.433148E0	2.467794E1	-2.790683E2	-2.009650E1	-4.931437E2
1.449813E0	2.247871E1	-2.791299E2	-1.309224E1	-4.943997E2
1.466477E0	1.952103E1	-2.793495E2	-5.036490E0	-4.937461E2
1.483142E0	1.612713E1	-2.794928E2	4.815087E0	-4.955052E2
1.499806E0	1.243188E1	-2.796566E2	1.333263E1	-4.956743E2
1.516471E0	8.809760E0	-2.796415E2	2.141855E1	-4.944279E2
1.533135E0	5.320976E0	-2.797414E2	2.978448E1	-4.932472E2
1.549800E0	1.845440E0	-2.796922E2	3.631241E1	-4.910886E2
1.566465E0	-6.413793E-1	-2.797870E2	4.217201E1	-4.884849E2
1.583129E0	-2.889558E0	-2.798436E2	4.706087E1	-4.864796E2
1.599794E0	-4.575716E0	-2.798163E2	5.154796E1	-4.853516E2
1.616458E0	-5.344130E0	-2.797090E2	5.407309E1	-4.836738E2
1.633123E0	-5.590266E0	-2.796162E2	5.503211E1	-4.828679E2
1.649787E0	-5.542267E0	-2.797294E2	5.504187E1	-4.828721E2
1.666452E0	-4.513420E0	-2.797245E2	5.378509E1	-4.841124E2
1.683116E0	-3.212780E0	-2.797154E2	5.138563E1	-4.858722E2
1.699781E0	-1.243584E0	-2.798592E2	4.718372E1	-4.876234E2
1.716445E0	1.273537E0	-2.799569E2	4.169098E1	-4.901298E2
1.733110E0	4.474087E0	-2.798752E2	3.519923E1	-4.923702E2
1.749774E0	7.875489E0	-2.797125E2	2.840632E1	-4.943803E2
1.766439E0	1.161899E1	-2.795959E2	2.014887E1	-4.958964E2
1.783103E0	1.516103E1	-2.796264E2	1.164556E1	-4.961676E2
1.799768E0	1.882305E1	-2.792814E2	3.519620E0	-4.962956E2
1.816432E0	2.257849E1	-2.790730E2	-4.781032E0	-4.952889E2
1.833097E0	2.435009E1	-2.788339E2	-1.160323E1	-4.935781E2
1.849761E0	2.701678E1	-2.786414E2	-1.915437E1	-4.929260E2
1.866426E0	2.880444E1	-2.785210E2	-2.497670E1	-4.906175E2
1.883090E0	2.999224E1	-2.782926E2	-2.919825E1	-4.892069E2
1.899755E0	3.028774E1	-2.785805E2	-3.340701E1	-4.879596E2
1.916419E0	2.993333E1	-2.783099E2	-3.598654E1	-4.872949E2
1.933084E0	2.885940E1	-2.785242E2	-3.740984E1	-4.876706E2
1.949748E0	2.688676E1	-2.787015E2	-3.745626E1	-4.882329E2
1.966413E0	2.438725E1	-2.788119E2	-3.673759E1	-4.902568E2
1.983077E0	2.171103E1	-2.791566E2	-3.452587E1	-4.909827E2
1.999742E0	1.801926E1	-2.793429E2	-3.117248E1	-4.923848E2
2.016406E0	1.376700E1	-2.794116E2	-2.724355E1	-4.939338E2
2.033071E0	9.314688E0	-2.797356E2	-2.293843E1	-4.944181E2
2.049735E0	4.563911E0	-2.797367E2	-1.594251E1	-4.963180E2
2.066400E0	-2.124364E-1	-2.797229E2	-1.295099E1	-4.953106E2
2.083065E0	-4.446851E0	-2.796611E2	-7.075638E0	-4.947719E2
2.099729E0	-8.682841E0	-2.795782E2	-1.202259E0	-4.942992E2
2.116394E0	-1.337125E1	-2.790490E2	3.661844E0	-4.928152E2
2.133058E0	-1.593525E1	-2.796913E2	7.172618E0	-4.915164E2
2.149723E0	-1.893824E1	-2.790814E2	1.080026E1	-4.902143E2
2.166387E0	-2.073939E1	-2.790429E2	1.292231E1	-4.892418E2
2.183052E0	-2.182637E1	-2.789470E2	1.419713E1	-4.885490E2
2.199716E0	-2.204169E1	-2.787193E2	1.474574E1	-4.890144E2
2.216381E0	-2.179416E1	-2.789257E2	1.416916E1	-4.891015E2
2.233045E0	-2.047725E1	-2.788610E2	1.272462E1	-4.899717E2
2.249710E0	-1.874689E1	-2.790632E2	9.926298E0	-4.911792E2
2.266374E0	-1.544363E1	-2.794524E2	6.188151E0	-4.920838E2
2.283039E0	-1.225370E1	-2.795426E2	1.962413E0	-4.939326E2
2.299703E0	-9.010129E0	-2.796062E2	-3.077770E0	-4.951221E2
2.316368E0	-4.919405E0	-2.798146E2	-8.822228E0	-4.954332E2
2.333032E0	-4.323538E-1	-2.796655E2	-1.447319E1	-4.966530E2
2.349697E0	4.096180E0	-2.797270E2	-2.079759E1	-4.952723E2
2.366361E0	8.821982E0	-2.795446E2	-2.503764E1	-4.945847E2
2.383026E0	1.309069E1	-2.796473E2	-3.004523E1	-4.933361E2
2.399690E0	1.729631E1	-2.795654E2	-3.386138E1	-4.914656E2
2.416355E0	2.074082E1	-2.792853E2	-3.695644E1	-4.902144E2
2.433019E0	2.396254E1	-2.790125E2	-3.789144E1	-4.884995E2
2.449684E0	2.535479E1	-2.787792E2	-3.910937E1	-4.877057E2
2.466348E0	2.709945E1	-2.788036E2	-3.899076E1	-4.875762E2
2.483013E0	2.825038E1	-2.785603E2	-3.682717E1	-4.887180E2
2.499677E0	2.845534E1	-2.785257E2	-3.360895E1	-4.900376E2
2.516342E0	2.817928E1	-2.785657E2	-2.998175E1	-4.904820E2
2.533006E0	2.707231E1	-2.786123E2	-2.513662E1	-4.914268E2
2.549671E0	2.531780E1	-2.787193E2	-1.894666E1	-4.928021E2
2.566335E0	2.388613E1	-2.790624E2	-1.173484E1	-4.944877E2
2.583000E0	2.083442E1	-2.792649E2	-4.991708E0	-4.953023E2
2.599665E0	1.765465E1	-2.792059E2	2.544434E0	-4.959827E2
2.616329E0	1.424487E1	-2.794895E2	1.060666E1	-4.959585E2
2.632994E0	1.073304E1	-2.794898E2	1.837903E1	-4.954840E2
2.649658E0	7.497251E0	-2.795686E2	2.595061E1	-4.942028E2
2.666323E0	4.327956E0	-2.796100E2	3.295768E1	-4.923741E2
2.682987E0	1.567028E0	-2.798187E2	3.923166E1	-4.899337E2
2.699652E0	-6.953245E-1	-2.798844E2	4.450410E1	-4.880669E2
2.716316E0	-2.529128E0	-2.797185E2	4.811941E1	-4.863074E2
2.732981E0	-3.722334E0	-2.799188E2	5.115658E1	-4.850026E2
2.749645E0	-4.266823E0	-2.796709E2	5.236127E1	-4.849541E2
2.766310E0	-4.349270E0	-2.797031E2	5.293650E1	-4.845448E2
2.782974E0	-3.813612E0	-2.797777E2	5.171494E1	-4.852526E2
2.799639E0	-2.589886E0	-2.797292E2	4.905274E1	-4.860352E2
2.816303E0	-1.039010E0	-2.797782E2	4.584442E1	-4.879127E2
2.832968E0	9.466214E-1	-2.795942E2	4.129196E1	-4.898758E2
2.849632E0	3.457926E0	-2.796540E2	3.485104E1	-4.918834E2
2.866297E0	6.570028E0	-2.795823E2	2.821605E1	-4.933352E2
2.882961E0	9.835086E0	-2.795542E2	2.094546E1	-4.950384E2
2.899626E0	1.335503E1	-2.794598E2	1.254285E1	-4.958227E2
2.916290E0	1.661557E1	-2.793903E2	4.679288E0	-4.955690E2
2.932955E0	1.978011E1	-2.793134E2	-3.501161E0	-4.956150E2
2.949619E0	2.278807E1	-2.791003E2	-1.028841E1	-4.946185E2
2.966284E0	2.503711E1	-2.790895E2	-1.707774E1	-4.936337E2
2.982948E0	2.608208E1	-2.788189E2	-2.346459E1	-4.921216E2
2.999613E0	2.727953E1	-2.785457E2	-2.760246E1	-4.907478E2
3.016277E0	2.773998E1	-2.784922E2	-3.223971E1	-4.902647E2
3.032942E0	2.767251E1	-2.785153E2	-3.539889E1	-4.893497E2
3.049606E0	2.679198E1	-2.787001E2	-3.705103E1	-4.892621E2
3.066271E0	2.593650E1	-2.789199E2	-3.778662E1	-4.894613E2
3.082935E0	2.355777E1	-2.792374E2	-3.743170E1	-4.903546E2
3.099600E0	2.092317E1	-2.792066E2	-3.607118E1	-4.911579E2
3.116265E0	1.754587E1	-2.793055E2	-3.344396E1	-4.924803E2
3.132929E0	1.378367E1	-2.794835E2	-3.007769E1	-4.930292E2
3.149594E0	9.551093E0	-2.796714E2	-2.601247E1	-4.942629E2
3.166258E0	5.313796E0	-2.797465E2	-2.092565E1	-4.952963E2
3.182923E0	1.052916E0	-2.798358E2	-1.537978E1	-4.959217E2
3.199587E0	-3.181482E0	-2.797343E2	-1.013519E1	-4.963298E2
3.216252E0	-7.197424E0	-2.796613E2	-4.956027E0	-4.959590E2
3.232916E0	-1.072019E1	-2.796310E2	-5.796771E-1	-4.947750E2
3.249581E0	-1.375543E1	-2.794715E2	3.577374E0	-4.936523E2
3.266245E0	-1.610296E1	-2.793134E2	7.069821E0	-4.921753E2
3.282910E0	-1.918389E1	-2.789486E2	9.693236E0	-4.914318E2
3.299574E0	-2.028298E1	-2.788427E2	1.135196E1	-4.904823E2
3.316239E0	-2.077266E1	-2.789344E2	1.283523E1	-4.902033E2
3.332903E0	-2.077323E1	-2.790762E2	1.277169E1	-4.905462E2
3.349568E0	-1.968703E1	-2.790630E2	1.169768E1	-4.910977E2
3.366232E0	-1.723835E1	-2.793850E2	1.000846E1	-4.919090E2
3.382897E0	-1.493652E1	-2.795573E2	6.924219E0	-4.928996E2
3.399561E0	-1.199182E1	-2.794722E2	2.723993E0	-4.944253E2
3.416226E0	-8.710623E0	-2.797822E2	-1.920833E0	-4.951261E2
3.432890E0	-5.145478E0	-2.796441E2	-6.610779E0	-4.961616E2
3.449555E0	-1.152654E0	-2.797639E2	-1.168256E1	-4.969811E2
3.466219E0	3.098411E0	-2.799006E2	-1.672843E1	-4.966384E2
3.482884E0	7.504637E0	-2.797237E2	-2.131322E1	-4.962774E2
3.499548E0	1.166735E1	-2.796557E2	-2.597730E1	-4.948724E2
3.516213E0	1.637747E1	-2.795160E2	-2.939065E1	-4.939577E2
3.532877E0	1.976172E1	-2.793984E2	-3.247112E1	-4.926790E2
3.549542E0	2.284638E1	-2.791943E2	-3.421759E1	-4.913927E2
3.566206E0	2.527476E1	-2.791651E2	-3.496933E1	-4.907418E2
3.582871E0	2.643691E1	-2.788156E2	-3.451669E1	-4.904303E2
3.599535E0	2.763656E1	-2.787410E2	-3.326053E1	-4.902926E2
3.616200E0	2.814703E1	-2.788274E2	-3.109999E1	-4.903642E2
3.632865E0	2.794515E1	-2.784871E2	-2.727535E1	-4.911359E2
3.649529E0	2.704451E1	-2.786369E2	-2.302573E1	-4.924665E2
3.666194E0	2.533037E1	-2.786869E2	-1.717332E1	-4.933018E2
3.682858E0	2.427383E1	-2.791407E2	-1.137345E1	-4.948736E2
3.699523E0	2.175746E1	-2.790678E2	-3.578948E0	-4.948409E2
3.716187E0	1.872860E1	-2.792949E2	4.171408E0	-4.951173E2
3.732852E0	1.521139E1	-2.793845E2	1.105422E1	-4.951075E2
3.749516E0	1.201856E1	-2.794546E2	1.840375E1	-4.950842E2
3.766181E0	8.846102E0	-2.795760E2	2.510115E1	-4.938699E2
3.782845E0	5.647233E0	-2.796539E2	3.175374E1	-4.924773E2
3.799510E0	3.359772E0	-2.797581E2	3.696888E1	-4.907646E2
3.816174E0	8.639196E-1	-2.796966E2	4.204688E1	-4.895405E2
3.832839E0	-9.231922E-1	-2.798483E2	4.587505E1	-4.879074E2
3.849503E0	-2.155135E0	-2.797274E2	4.836575E1	-4.862675E2
3.866168E0	-3.300168E0	-2.797672E2	5.003383E1	-4.852504E2
3.882832E0	-3.283772E0	-2.796105E2	5.005907E1	-4.855759E2
3.899497E0	-3.310717E0	-2.797736E2	4.895132E1	-4.860756E2
3.916161E0	-1.859859E0	-2.798713E2	4.810229E1	-4.886793E2
3.932826E0	-6.086981E-1	-2.798123E2	4.438018E1	-4.900819E2
3.949490E0	8.559632E-1	-2.797050E2	3.973507E1	-4.914123E2
3.966155E0	3.337231E0	-2.797762E2	3.403942E1	-4.929732E2
3.982819E0	5.845878E0	-2.796560E2	2.701882E1	-4.944342E2
3.999484E0	8.692571E0	-2.796811E2	1.996576E1	-4.958632E2
4.016148E0	1.169322E1	-2.796552E2	1.222674E1	-4.959887E2
4.032813E0	1.508068E1	-2.795809E2	4.730788E0	-4.964313E2
4.049477E0	1.810788E1	-2.794009E2	-3.380675E0	-4.962331E2
4.066142E0	2.055893E1	-2.792686E2	-1.104610E1	-4.950932E2
4.082806E0	2.312280E1	-2.793882E2	-1.720638E1	-4.937171E2
4.099471E0	2.411232E1	-2.788309E2	-2.275505E1	-4.923266E2
4.116135E0	2.509317E1	-2.788217E2	-2.837396E1	-4.907806E2
4.132800E0	2.641296E1	-2.790276E2	-3.167973E1	-4.897146E2
4.149465E0	2.641296E1	-2.790276E2	-3.527223E1	-4.886531E2
4.166129E0	2.562362E1	-2.789863E2	-3.686473E1	-4.885498E2
4.182794E0	2.350050E1	-2.788406E2	-3.746284E1	-4.887351E2
4.199458E0	2.220123E1	-2.793063E2	-3.714300E1	-4.888690E2
4.216123E0	1.943971E1	-2.792953E2	-3.573485E1	-4.899909E2
4.232787E0	1.646091E1	-2.795052E2	-3.339719E1	-4.910997E2
4.249452E0	1.295525E1	-2.794656E2	-3.082524E1	-4.926951E2
4.266116E0	9.068170E0	-2.797766E2	-2.704104E1	-4.938883E2
4.282781E0	5.020692E0	-2.798473E2	-2.286470E1	-4.943518E2
4.299445E0	7.388142E-1	-2.797414E2	-1.758274E1	-4.947499E2
4.316110E0	-3.015430E0	-2.795672E2	-1.306987E1	-4.948124E2
4.332774E0	-6.435780E0	-2.796912E2	-8.079732E0	-4.943952E2
4.349439E0	-9.634894E0	-2.796046E2	-3.365653E0	-4.938640E2
4.366103E0	-1.245936E1	-2.796037E2	1.862993E0	-4.932772E2
4.382768E0	-1.466897E1	-2.794910E2	5.189580E0	-4.920775E2
4.399432E0	-1.774597E1	-2.791476E2	8.301501E0	-4.915460E2
4.416097E0	-1.892097E1	-2.792122E2	1.014965E1	-4.910583E2
4.432761E0	-1.958202E1	-2.791476E2	1.085128E1	-4.905760E2
4.449426E0	-1.909108E1	-2.790119E2	1.089505E1	-4.905314E2
4.466090E0	-1.814765E1	-2.790080E2	1.025106E1	-4.914317E2
4.482755E0	-1.661358E1	-2.791225E2	8.499910E0	-4.919991E2
4.499419E0	-1.350013E1	-2.795546E2	5.937685E0	-4.926711E2
4.516084E0	-1.102866E1	-2.796051E2	2.695905E0	-4.939812E2
4.532748E0	-7.630164E0	-2.797481E2	-1.142538E0	-4.948035E2
4.549413E0	-4.034017E0	-2.795787E2	-5.359798E0	-4.961058E2
4.566077E0	-3.121348E-1	-2.795990E2	-1.011372E1	-4.962991E2
4.582742E0	3.535287E0	-2.796007E2	-1.488303E1	-4.961298E2
4.599406E0	7.611606E0	-2.796647E2	-1.876510E1	-4.957824E2
4.616071E0	1.180629E1	-2.795840E2	-2.279251E1	-4.953804E2
4.632735E0	1.562653E1	-2.794220E2	-2.631159E1	-4.943342E2
4.649400E0	1.882043E1	-2.791632E2	-2.897845E1	-4.930662E2
4.666065E0	2.217017E1	-2.792418E2	-3.018030E1	-4.924428E2
4.682729E0	2.456656E1	-2.790872E2	-3.035277E1	-4.909667E2
4.699394E0	2.575473E1	-2.787919E2	-2.992487E1	-4.904867E2
4.716058E0	2.698236E1	-2.787500E2	-2.876652E1	-4.902827E2
4.732723E0	2.759406E1	-2.785840E2	-2.612342E1	-4.906847E2
4.749387E0	2.718550E1	-2.785817E2	-2.338833E1	-4.918784E2
4.766052E0	2.649527E1	-2.787564E2	-1.911278E1	-4.926198E2
4.782716E0	2.592509E1	-2.789727E2	-1.375010E1	-4.938183E2
4.799381E0	2.416680E1	-2.791099E2	-7.639828E0	-4.945928E2
4.816045E0	2.171731E1	-2.791752E2	-1.629333E0	-4.952462E2
4.832710E0	1.897722E1	-2.791533E2	4.981877E0	-4.962901E2
4.849374E0	1.594473E1	-2.793867E2	1.115280E1	-4.968763E2
4.866039E0	1.291664E1	-2.794034E2	1.798676E1	-4.961913E2
4.882703E0	9.658154E0	-2.796538E2	2.467916E1	-4.951128E2
4.899368E0	6.760968E0	-2.798322E2	3.083059E1	-4.937928E2
4.916032E0	4.324610E0	-2.798383E2	3.654667E1	-4.922532E2
4.932697E0	2.376691E0	-2.796936E2	4.046928E1	-4.904262E2
4.949361E0	3.353973E-1	-2.798935E2	4.375262E1	-4.883301E2
4.966026E0	-1.057844E0	-2.796237E2	4.603776E1	-4.876097E2
4.982690E0	-1.826678E0	-2.797873E2	4.697323E1	-4.862810E2
4.999355E0	-2.019744E0	-2.796230E2	4.714276E1	-4.862380E2
5.016019E0	-1.808722E0	-2.797804E2	4.606382E1	-4.862816E2
5.032684E0	-1.345466E0	-2.796731E2	4.398154E1	-4.871047E2
5.049348E0	1.674867E-1	-2.797741E2	4.225428E1	-4.911251E2
5.066013E0	1.480285E0	-2.797922E2	3.705641E1	-4.917599E2
5.082677E0	3.250282E0	-2.798270E2	3.431983E1	-4.942918E2
5.099342E0	6.098563E0	-2.798061E2	2.600661E1	-4.950519E2
5.116006E0	8.662346E0	-2.795914E2	1.806427E1	-4.961944E2
5.132671E0	1.143955E1	-2.796078E2	1.068979E1	-4.970822E2
5.149335E0	1.426066E1	-2.794604E2	2.879468E0	-4.947991E2
5.166000E0	1.698860E1	-2.792946E2	-3.978159E0	-4.961942E2
5.182665E0	1.927857E1	-2.794223E2	-1.104572E1	-4.948827E2
5.199329E0	2.155665E1	-2.791661E2	-1.641172E1	-4.958732E2
5.215994E0	2.298471E1	-2.790383E2	-2.211545E1	-4.946447E2
5.232658E0	2.379864E1	-2.790489E2	-2.726177E1	-4.935664E2
5.249323E0	2.419383E1	-2.791448E2	-3.151170E1	-4.903509E2
5.265987E0	2.419383E1	-2.791448E2	-3.395899E1	-4.884215E2
5.282652E0	2.340689E1	-2.791102E2	-3.692447E1	-4.904332E2
5.299316E0	2.216970E1	-2.791668E2	-3.737610E1	-4.898930E2
5.315981E0	2.021408E1	-2.793757E2	-3.700874E1	-4.901259E2
5.332645E0	1.767861E1	-2.793208E2	-3.554272E1	-4.905433E2
5.349310E0	1.468641E1	-2.795124E2	-3.328084E1	-4.916701E2
5.365974E0	1.136586E1	-2.796182E2	-3.094016E1	-4.926885E2
5.382639E0	7.705743E0	-2.796145E2	-2.702147E1	-4.934131E2
5.399303E0	4.186135E0	-2.797408E2	-2.195811E1	-4.964225E2
5.415968E0	4.455197E-1	-2.797280E2	-1.813428E1	-4.947274E2
5.432632E0	-3.332702E0	-2.797087E2	-1.338914E1	-4.945392E2
5.449297E0	-6.523775E0	-2.796262E2	-8.459405E0	-4.945844E2
5.465961E0	-9.419997E0	-2.794723E2	-3.514032E0	-4.946834E2
5.482626E0	-1.195929E1	-2.795862E2	6.497511E-1	-4.951228E2
5.499290E0	-1.440381E1	-2.795050E2	4.315857E0	-4.941615E2
5.515955E0	-1.683301E1	-2.791369E2	5.495783E0	-4.914932E2
5.532619E0	-1.737410E1	-2.788679E2	7.584289E0	-4.907600E2
5.549284E0	-1.781552E1	-2.791381E2	8.549237E0	-4.907899E2
5.565948E0	-1.739657E1	-2.790422E2	8.562187E0	-4.907716E2
5.582613E0	-1.660820E1	-2.790783E2	8.226315E0	-4.919477E2
5.599277E0	-1.516533E1	-2.789720E2	6.803673E0	-4.927215E2
5.615942E0	-1.204046E1	-2.793920E2	4.444085E0	-4.941282E2
5.632606E0	-9.478035E0	-2.796539E2	1.516835E0	-4.946893E2
5.649271E0	-6.377439E0	-2.797088E2	-1.113355E0	-4.958529E2
5.665935E0	-3.137463E0	-2.796201E2	-4.888047E0	-4.963041E2
5.682600E0	4.417665E-1	-2.797147E2	-9.222876E0	-4.961929E2
5.699265E0	4.164535E0	-2.797121E2	-1.349081E1	-4.960824E2
5.715929E0	7.737017E0	-2.797497E2	-1.702678E1	-4.958801E2
5.732594E0	1.184280E1	-2.795347E2	-2.081861E1	-4.953601E2
5.749258E0	1.539902E1	-2.795483E2	-2.384104E1	-4.946644E2
5.765923E0	1.911184E1	-2.792880E2	-2.594185E1	-4.941449E2
5.782587E0	2.177893E1	-2.790996E2	-2.700099E1	-4.930118E2
5.799252E0	2.290047E1	-2.786672E2	-2.797971E1	-4.923590E2
5.815916E0	2.469650E1	-2.786820E2	-2.739912E1	-4.919201E2
5.832581E0	2.570839E1	-2.786725E2	-2.610648E1	-4.918067E2
5.849245E0	2.632563E1	-2.787152E2	-2.398297E1	-4.921998E2
5.865910E0	2.604714E1	-2.787562E2	-2.033729E1	-4.928381E2
5.882574E0	2.579247E1	-2.785994E2	-1.640274E1	-4.936200E2
5.899239E0	2.547855E1	-2.791386E2	-1.180331E1	-4.944522E2
5.915903E0	2.377189E1	-2.791253E2	-5.795902E0	-4.952111E2
5.932568E0	2.161114E1	-2.791981E2	3.713581E-1	-4.958580E2
5.949232E0	1.904874E1	-2.793206E2	6.642365E0	-4.964078E2
5.965897E0	1.621092E1	-2.794659E2	1.286130E1	-4.967050E2
5.982561E0	1.313725E1	-2.796601E2	1.888309E1	-4.955725E2
5.999226E0	1.024841E1	-2.795936E2	2.485677E1	-4.944918E2
6.015890E0	7.483873E0	-2.795762E2	3.064239E1	-4.937960E2
6.032555E0	5.270859E0	-2.796370E2	3.472048E1	-4.922564E2
6.049219E0	3.040087E0	-2.797027E2	3.900329E1	-4.907742E2
6.065884E0	1.467214E0	-2.797958E2	4.197194E1	-4.895759E2
6.082548E0	1.563745E-1	-2.798418E2	4.385572E1	-4.888421E2
6.099213E0	-6.410301E-1	-2.798026E2	4.481591E1	-4.882487E2
6.115877E0	-8.520598E-1	-2.798493E2	4.486642E1	-4.881510E2
6.132542E0	-6.495683E-1	-2.798029E2	4.337514E1	-4.884273E2
6.149206E0	2.024497E-1	-2.796714E2	4.089864E1	-4.892027E2
6.165871E0	1.218904E0	-2.797570E2	3.744296E1	-4.904131E2
6.182535E0	2.724088E0	-2.796580E2	3.278081E1	-4.919947E2
6.199200E0	4.476547E0	-2.796797E2	2.786140E1	-4.930415E2
6.215865E0	6.698086E0	-2.796257E2	2.215509E1	-4.941039E2
6.232529E0	8.951740E0	-2.794800E2	1.497317E1	-4.952472E2
6.249194E0	1.147606E1	-2.795300E2	7.814080E0	-4.954228E2
6.265858E0	1.394129E1	-2.794369E2	1.687166E0	-4.955633E2
6.282523E0	1.616198E1	-2.795229E2	-4.956765E0	-4.962101E2
6.299187E0	1.837803E1	-2.792984E2	-1.094809E1	-4.948217E2
6.315852E0	1.984384E1	-2.792040E2	-1.745861E1	-4.940758E2
6.332516E0	2.107982E1	-2.793138E2	-2.298196E1	-4.934391E2
6.349181E0	2.120877E1	-2.789242E2	-2.724020E1	-4.922618E2
6.365845E0	2.252859E1	-2.790264E2	-3.041453E1	-4.910845E2
6.382510E0	2.239351E1	-2.790731E2	-3.304877E1	-4.907256E2
6.399174E0	2.139232E1	-2.792888E2	-3.510145E1	-4.908454E2
6.415839E0	1.989088E1	-2.792161E2	-3.597435E1	-4.910993E2
6.432503E0	1.788661E1	-2.792338E2	-3.591334E1	-4.916883E2
6.449168E0	1.525439E1	-2.793665E2	-3.477880E1	-4.924856E2
6.465832E0	1.251315E1	-2.795399E2	-3.242948E1	-4.931872E2
6.482497E0	9.728709E0	-2.795124E2	-2.963147E1	-4.939688E2
6.499161E0	5.972576E0	-2.796585E2	-2.594689E1	-4.949949E2
6.515826E0	2.743804E0	-2.795601E2	-2.187664E1	-4.957895E2
6.532490E0	-4.622707E-1	-2.796243E2	-1.720578E1	-4.965234E2
6.549155E0	-3.736558E0	-2.796968E2	-1.284552E1	-4.962650E2
6.565819E0	-6.723202E0	-2.796666E2	-8.827081E0	-4.956123E2
6.582484E0	-9.170346E0	-2.795096E2	-4.903038E0	-4.946224E2
6.599148E0	-1.135541E1	-2.794016E2	-1.433507E0	-4.941247E2
6.615813E0	-1.352417E1	-2.794538E2	1.934799E0	-4.934264E2
6.632477E0	-1.479835E1	-2.795086E2	4.391944E0	-4.929101E2
6.649142E0	-1.553518E1	-2.794739E2	5.956906E0	-4.923593E2
6.665806E0	-1.551681E1	-2.794734E2	7.076986E0	-4.920579E2
6.682471E0	-1.624151E1	-2.790467E2	7.110017E0	-4.924047E2
6.699135E0	-1.411996E1	-2.795023E2	6.741780E0	-4.925808E2
6.715800E0	-1.233340E1	-2.795358E2	5.141195E0	-4.933854E2
6.732465E0	-1.014840E1	-2.796393E2	3.024957E0	-4.941560E2
6.749129E0	-7.627029E0	-2.797356E2	6.377401E-1	-4.947969E2
6.765794E0	-4.668808E0	-2.797544E2	-2.185767E0	-4.958592E2
6.782458E0	-1.480523E0	-2.796977E2	-5.648425E0	-4.963245E2
6.799123E0	1.692593E0	-2.796433E2	-9.282269E0	-4.964075E2
6.815787E0	5.592408E0	-2.797746E2	-1.292488E1	-4.961396E2
6.832452E0	9.188299E0	-2.797024E2	-1.590162E1	-4.960041E2
6.849116E0	1.291346E1	-2.793835E2	-1.889782E1	-4.953217E2
6.865781E0	1.615749E1	-2.794487E2	-2.141982E1	-4.950152E2
6.882445E0	1.958971E1	-2.792532E2	-2.312012E1	-4.941918E2
6.899110E0	2.205847E1	-2.793343E2	-2.411725E1	-4.933221E2
6.915774E0	2.402536E1	-2.792551E2	-2.425913E1	-4.928267E2
6.932439E0	2.552237E1	-2.791506E2	-2.347978E1	-4.927258E2
6.949103E0	2.571479E1	-2.787768E2	-2.187476E1	-4.926107E2
6.965768E0	2.593363E1	-2.787432E2	-1.939183E1	-4.930538E2
6.982432E0	2.572024E1	-2.787784E2	-1.660527E1	-4.934642E2
6.999097E0	2.493749E1	-2.787545E2	-1.226683E1	-4.942657E2
7.015761E0	2.477745E1	-2.791230E2	-7.880770E0	-4.946937E2
7.032426E0	2.293376E1	-2.790936E2	-2.184521E0	-4.956652E2
7.049090E0	2.046441E1	-2.791764E2	3.433037E0	-4.961082E2
7.065755E0	1.791208E1	-2.792815E2	9.410017E0	-4.964652E2
7.082419E0	1.524985E1	-2.794510E2	1.508686E1	-4.951499E2
7.099084E0	1.239217E1	-2.796048E2	2.102867E1	-4.949659E2
7.115748E0	9.974291E0	-2.794550E2	2.643859E1	-4.943111E2
7.132413E0	7.730454E0	-2.795205E2	3.087438E1	-4.928379E2
7.149077E0	5.504247E0	-2.795851E2	3.527930E1	-4.920723E2
7.165742E0	3.690327E0	-2.795583E2	3.872448E1	-4.909324E2
7.182406E0	2.259323E0	-2.797408E2	4.077015E1	-4.893713E2
7.199071E0	1.292455E0	-2.797493E2	4.281621E1	-4.886026E2
7.215735E0	5.529733E-1	-2.797057E2	4.292888E1	-4.882024E2
7.232400E0	3.705496E-1	-2.796586E2	4.247247E1	-4.882093E2
7.249065E0	5.963608E-1	-2.796171E2	4.061741E1	-4.885332E2
7.265729E0	1.348053E0	-2.796688E2	3.826605E1	-4.901554E2
7.282394E0	2.361256E0	-2.798399E2	3.377542E1	-4.910414E2
7.299058E0	3.796277E0	-2.797381E2	2.927164E1	-4.923296E2
7.315723E0	5.371861E0	-2.798157E2	2.664029E1	-4.952144E2
7.332387E0	7.430246E0	-2.797325E2	2.057054E1	-4.960738E2
7.349052E0	9.217405E0	-2.796691E2	1.478561E1	-4.969750E2
7.365716E0	1.153387E1	-2.795860E2	8.275461E0	-4.972648E2
7.382381E0	1.371570E1	-2.793602E2	1.607720E0	-4.971992E2
7.399045E0	1.584416E1	-2.793106E2	-4.806249E0	-4.971914E2
7.415710E0	1.758044E1	-2.793294E2	-1.056621E1	-4.961520E2
7.432374E0	1.882390E1	-2.792837E2	-1.648623E1	-4.952864E2
7.449039E0	1.962412E1	-2.793034E2	-2.115451E1	-4.940505E2
7.465703E0	2.013618E1	-2.793613E2	-2.511557E1	-4.933455E2
7.482368E0	2.057525E1	-2.792861E2	-2.830363E1	-4.924568E2
7.499032E0	2.016853E1	-2.791857E2	-3.043831E1	-4.919663E2
7.515697E0	1.920170E1	-2.791957E2	-3.149970E1	-4.915154E2
7.532361E0	1.746692E1	-2.793594E2	-3.189267E1	-4.921763E2
7.549026E0	1.570339E1	-2.793342E2	-3.146271E1	-4.929082E2
7.565690E0	1.350632E1	-2.793888E2	-3.008695E1	-4.936473E2
7.582355E0	1.062575E1	-2.795673E2	-2.769641E1	-4.946027E2
7.599019E0	7.597260E0	-2.797602E2	-2.499783E1	-4.952507E2
7.615684E0	4.808771E0	-2.797422E2	-2.155581E1	-4.960748E2
7.632348E0	1.326738E0	-2.796990E2	-1.775268E1	-4.964233E2
7.649013E0	-1.499934E0	-2.796931E2	-1.358429E1	-4.966058E2
7.665677E0	-4.478937E0	-2.796365E2	-9.570696E0	-4.965703E2
7.682342E0	-6.829484E0	-2.796998E2	-6.401993E0	-4.968049E2
7.699006E0	-9.020855E0	-2.793976E2	-2.454010E0	-4.963942E2
7.715671E0	-1.077132E1	-2.795772E2	8.176658E-1	-4.958210E2
7.732335E0	-1.296653E1	-2.796343E2	3.828785E0	-4.952340E2
7.749000E0	-1.450675E1	-2.790933E2	5.477116E0	-4.946754E2
7.765665E0	-1.495706E1	-2.792396E2	7.005048E0	-4.941692E2
7.782329E0	-1.476346E1	-2.791713E2	8.055649E0	-4.942108E2
7.798994E0	-1.398782E1	-2.789786E2	8.009306E0	-4.941386E2
7.815658E0	-1.199967E1	-2.794300E2	7.649907E0	-4.949565E2
7.832323E0	-1.021333E1	-2.794713E2	6.043126E0	-4.951719E2
7.848987E0	-8.213668E0	-2.796095E2	4.023490E0	-4.956805E2
7.865652E0	-5.683720E0	-2.796998E2	1.803111E0	-4.961715E2
7.882316E0	-2.726563E0	-2.796790E2	-1.130615E0	-4.969606E2
7.898981E0	4.538924E-1	-2.797621E2	-3.849259E0	-4.972430E2
7.915645E0	3.926455E0	-2.796261E2	-6.940050E0	-4.971426E2
7.932310E0	7.476832E0	-2.796456E2	-9.696947E0	-4.970861E2
7.948974E0	1.070868E1	-2.796013E2	-1.183850E1	-4.964983E2
7.965639E0	1.404981E1	-2.795383E2	-1.493723E1	-4.961964E2
7.982303E0	1.723515E1	-2.794647E2	-1.663844E1	-4.953651E2
7.998968E0	1.951113E1	-2.794053E2	-1.757123E1	-4.945708E2
8.015632E0	2.197681E1	-2.791206E2	-1.850455E1	-4.942408E2
8.032297E0	2.375394E1	-2.790995E2	-1.765614E1	-4.937304E2
8.048961E0	2.490670E1	-2.789542E2	-1.784959E1	-4.942404E2
8.065626E0	2.485588E1	-2.786613E2	-1.601689E1	-4.943715E2
8.082290E0	2.566386E1	-2.789920E2	-1.346010E1	-4.945103E2
8.098955E0	2.541917E1	-2.790335E2	-1.006706E1	-4.951677E2
8.115619E0	2.444981E1	-2.791112E2	-5.987542E0	-4.957536E2
8.132284E0	2.304781E1	-2.792066E2	-1.290134E0	-4.962353E2
8.148948E0	2.152302E1	-2.791309E2	4.231780E0	-4.970220E2
8.165613E0	1.899551E1	-2.792335E2	9.330613E0	-4.972353E2
8.182277E0	1.687301E1	-2.792733E2	1.470988E1	-4.968748E2
8.198942E0	1.444931E1	-2.793771E2	1.954660E1	-4.965532E2
8.215606E0	1.205770E1	-2.796467E2	2.482789E1	-4.959761E2
8.232271E0	9.673605E0	-2.795503E2	3.000051E1	-4.950458E2
8.248935E0	7.510085E0	-2.796400E2	3.431969E1	-4.945474E2
8.265600E0	5.960898E0	-2.795702E2	3.770734E1	-4.934573E2
8.282265E0	4.191438E0	-2.797272E2	4.002813E1	-4.923719E2
8.298929E0	2.946183E0	-2.795974E2	4.184690E1	-4.916903E2
8.315594E0	1.739290E0	-2.796418E2	4.230270E1	-4.913450E2
8.332258E0	1.251687E0	-2.797304E2	4.205759E1	-4.911221E2
8.348923E0	1.063935E0	-2.797726E2	4.085776E1	-4.912113E2
8.365587E0	1.498649E0	-2.796821E2	3.928877E1	-4.913855E2
8.382252E0	2.287342E0	-2.797214E2	3.651352E1	-4.922346E2
8.398916E0	3.221446E0	-2.798954E2	3.285065E1	-4.930682E2
8.415581E0	4.960783E0	-2.795748E2	2.832663E1	-4.947283E2
8.432245E0	6.765493E0	-2.795876E2	2.279333E1	-4.954303E2
8.448910E0	8.517798E0	-2.796132E2	1.678664E1	-4.961208E2
8.465574E0	1.034187E1	-2.796303E2	1.068369E1	-4.966877E2
8.482239E0	1.215352E1	-2.796611E2	4.676183E0	-4.971984E2
8.498903E0	1.390360E1	-2.795115E2	-1.313708E0	-4.969935E2
8.515568E0	1.587767E1	-2.793187E2	-7.643428E0	-4.964441E2
8.532232E0	1.733996E1	-2.793962E2	-1.230397E1	-4.939988E2
8.548897E0	1.815261E1	-2.794277E2	-1.677035E1	-4.937177E2
8.565561E0	1.887444E1	-2.792551E2	-2.067428E1	-4.936844E2
8.582226E0	1.912173E1	-2.794152E2	-2.449396E1	-4.921239E2
8.598890E0	1.927859E1	-2.793720E2	-2.683048E1	-4.922038E2
8.615555E0	1.851948E1	-2.793316E2	-2.879308E1	-4.920517E2
8.632219E0	1.721490E1	-2.794301E2	-2.969470E1	-4.922729E2
8.648884E0	1.569647E1	-2.793675E2	-2.977104E1	-4.926019E2
8.665548E0	1.332187E1	-2.794626E2	-2.935075E1	-4.930867E2
8.682213E0	1.111302E1	-2.796389E2	-2.793919E1	-4.946427E2
8.698877E0	8.663279E0	-2.796015E2	-2.555279E1	-4.955421E2
8.715542E0	6.172384E0	-2.796981E2	-2.304516E1	-4.955390E2
8.732206E0	3.367993E0	-2.796890E2	-1.938741E1	-4.963001E2
8.748871E0	5.178477E-1	-2.795395E2	-1.582732E1	-4.966397E2
8.765535E0	-2.239619E0	-2.795190E2	-1.226914E1	-4.962746E2
8.782200E0	-5.043437E0	-2.795950E2	-8.599094E0	-4.961396E2
8.798865E0	-7.191422E0	-2.794980E2	-4.524085E0	-4.960698E2
8.815529E0	-9.004958E0	-2.794555E2	-1.308711E0	-4.955773E2
8.832194E0	-1.040921E1	-2.793948E2	2.217784E0	-4.953473E2
8.848858E0	-1.165621E1	-2.794639E2	3.910670E0	-4.952860E2
8.865523E0	-1.334926E1	-2.790681E2	6.415037E0	-4.944918E2
8.882187E0	-1.335655E1	-2.790732E2	6.827057E0	-4.944869E2
8.898852E0	-1.225683E1	-2.795453E2	7.129912E0	-4.944902E2
8.915516E0	-1.124684E1	-2.795356E2	8.097020E0	-4.946149E2
8.932181E0	-1.008180E1	-2.794809E2	6.925580E0	-4.951265E2
8.948845E0	-8.329327E0	-2.796800E2	5.505875E0	-4.955455E2
8.965510E0	-5.915980E0	-2.796833E2	4.029273E0	-4.959765E2
8.982174E0	-3.400432E0	-2.797206E2	1.498163E0	-4.964121E2
8.998839E0	-5.832271E-1	-2.797440E2	-1.206509E0	-4.969838E2
9.015503E0	2.422597E0	-2.797205E2	-3.684731E0	-4.971827E2
9.032168E0	5.658606E0	-2.796387E2	-6.980884E0	-4.970576E2
9.048832E0	8.905555E0	-2.795667E2	-9.463653E0	-4.971044E2
9.065497E0	1.203669E1	-2.796857E2	-1.183343E1	-4.965337E2
9.082161E0	1.481564E1	-2.795244E2	-1.382804E1	-4.959525E2
9.098826E0	1.758431E1	-2.794482E2	-1.544407E1	-4.953059E2
9.115490E0	2.023068E1	-2.792986E2	-1.575928E1	-4.944127E2
9.132155E0	2.200084E1	-2.791473E2	-1.590820E1	-4.942625E2
9.148819E0	2.355080E1	-2.791641E2	-1.529488E1	-4.942425E2
9.165484E0	2.434145E1	-2.790640E2	-1.375001E1	-4.940991E2
9.182148E0	2.485226E1	-2.789700E2	-1.163512E1	-4.944484E2
9.198813E0	2.464199E1	-2.790168E2	-9.341260E0	-4.938698E2
9.215477E0	2.318140E1	-2.788996E2	-5.535768E0	-4.952713E2
9.232142E0	2.232314E1	-2.789026E2	-1.300860E0	-4.956752E2
9.248806E0	2.074389E1	-2.788215E2	2.950733E0	-4.959352E2
9.265471E0	1.967630E1	-2.792407E2	7.837222E0	-4.969482E2
9.282135E0	1.788328E1	-2.792152E2	1.274283E1	-4.955692E2
9.298800E0	1.571693E1	-2.792675E2	1.768506E1	-4.955014E2
9.315465E0	1.323503E1	-2.795355E2	2.244160E1	-4.962075E2
9.332129E0	1.123511E1	-2.795529E2	2.688584E1	-4.957363E2
9.348794E0	9.147897E0	-2.796663E2	3.085922E1	-4.950167E2
9.365458E0	7.496811E0	-2.796999E2	3.420524E1	-4.943368E2
9.382123E0	5.605184E0	-2.796886E2	3.782867E1	-4.936590E2
9.398787E0	4.035926E0	-2.798060E2	3.900459E1	-4.930533E2
9.415452E0	3.538068E0	-2.797042E2	4.052496E1	-4.926887E2
9.432116E0	2.357773E0	-2.797655E2	4.062135E1	-4.925277E2
9.448781E0	1.874348E0	-2.796737E2	3.972427E1	-4.926256E2
9.465445E0	2.426593E0	-2.796097E2	3.806373E1	-4.928712E2
9.482110E0	2.585849E0	-2.797270E2	3.571888E1	-4.935334E2
9.498774E0	3.738396E0	-2.796690E2	3.239894E1	-4.942527E2
9.515439E0	4.989587E0	-2.796208E2	2.830337E1	-4.950078E2
9.532103E0	6.284573E0	-2.797426E2	2.307270E1	-4.957932E2
9.548768E0	7.627216E0	-2.796416E2	1.809047E1	-4.963943E2
9.565432E0	9.406263E0	-2.795812E2	1.259249E1	-4.970608E2
9.582097E0	1.112143E1	-2.795957E2	6.748229E0	-4.971872E2
9.598761E0	1.271220E1	-2.794972E2	1.666127E0	-4.972636E2
9.615426E0	1.418678E1	-2.793939E2	-3.601748E0	-4.972479E2
9.632090E0	1.551478E1	-2.793405E2	-9.147371E0	-4.965497E2
9.648755E0	1.665842E1	-2.792942E2	-1.400586E1	-4.963966E2
9.665419E0	1.718594E1	-2.793658E2	-1.886195E1	-4.956920E2
9.682084E0	1.752090E1	-2.792408E2	-2.254879E1	-4.932986E2
9.698748E0	1.752090E1	-2.792408E2	-2.550106E1	-4.930713E2
9.715413E0	1.700135E1	-2.791613E2	-2.748756E1	-4.924457E2
9.732077E0	1.603914E1	-2.795092E2	-2.801475E1	-4.922619E2
9.748742E0	1.462872E1	-2.794445E2	-2.893738E1	-4.926792E2
9.765406E0	1.310481E1	-2.795318E2	-2.772591E1	-4.936105E2
9.782071E0	1.093702E1	-2.794396E2	-2.769071E1	-4.938659E2
9.798735E0	8.938370E0	-2.795416E2	-2.491515E1	-4.952669E2
9.815400E0	6.288394E0	-2.798424E2	-2.303292E1	-4.954401E2
9.832065E0	3.755883E0	-2.797734E2	-1.952690E1	-4.963773E2
9.848729E0	1.493222E0	-2.796793E2	-1.685495E1	-4.965877E2
9.865394E0	-1.058854E0	-2.796253E2	-1.303016E1	-4.970856E2
9.882058E0	-3.524389E0	-2.797316E2	-9.710267E0	-4.971043E2
9.898723E0	-5.527834E0	-2.795714E2	-6.771951E0	-4.967492E2
9.915387E0	-7.536324E0	-2.796546E2	-3.233883E0	-4.962661E2
9.932052E0	-8.912503E0	-2.795706E2	-1.159335E0	-4.955841E2
9.948716E0	-1.013164E1	-2.794223E2	1.064167E0	-4.960245E2
9.965381E0	-1.086573E1	-2.795774E2	3.057746E0	-4.957066E2
9.982045E0	-1.110332E1	-2.794253E2	4.530428E0	-4.954783E2
9.998710E0	-1.087959E1	-2.795849E2	5.302888E0	-4.953698E2
