#multi:
	mass A		mass B		
t	x	y	x	y	
0.000000E0	-1.492971E1	-2.758264E2	2.061658E1	-4.838481E2
1.666450E-2	-1.478836E1	-2.757736E2	1.879975E1	-4.838360E2
3.332900E-2	-1.425235E1	-2.756399E2	1.640131E1	-4.843846E2
4.999350E-2	-1.308249E1	-2.757798E2	1.294568E1	-4.847243E2
6.665800E-2	-1.148074E1	-2.759854E2	9.080862E0	-4.855848E2
8.332250E-2	-9.622080E0	-2.759032E2	4.858444E0	-4.861399E2
9.998700E-2	-7.538255E0	-2.759909E2	1.117723E-1	-4.866473E2
1.166515E-1	-5.277152E0	-2.758250E2	-5.466602E0	-4.868247E2
1.333160E-1	-2.576339E0	-2.759099E2	-1.040903E1	-4.868902E2
1.499805E-1	-1.128888E-1	-2.755868E2	-1.503935E1	-4.866476E2
1.666450E-1	2.340238E0	-2.756493E2	-1.971282E1	-4.863040E2
1.833095E-1	4.493660E0	-2.755827E2	-2.346468E1	-4.852378E2
1.999740E-1	6.440429E0	-2.754630E2	-2.700635E1	-4.844430E2
2.166385E-1	8.123325E0	-2.751587E2	-2.962548E1	-4.837739E2
2.333030E-1	9.272291E0	-2.753127E2	-3.151852E1	-4.830363E2
2.499675E-1	1.022225E1	-2.752026E2	-3.276622E1	-4.828701E2
2.666320E-1	1.055750E1	-2.752567E2	-3.263459E1	-4.828457E2
2.832965E-1	1.048875E1	-2.753842E2	-3.206762E1	-4.827481E2
2.999610E-1	1.012017E1	-2.752655E2	-3.055875E1	-4.830147E2
3.166255E-1	9.227793E0	-2.752858E2	-2.823529E1	-4.837073E2
3.332900E-1	8.010917E0	-2.752359E2	-2.483154E1	-4.844581E2
3.499545E-1	6.406635E0	-2.754178E2	-2.074088E1	-4.852396E2
3.666190E-1	4.535111E0	-2.754750E2	-1.635314E1	-4.859292E2
3.832835E-1	2.284168E0	-2.754169E2	-1.137218E1	-4.865385E2
3.999480E-1	1.960112E-1	-2.754139E2	-5.910654E0	-4.869362E2
4.166125E-1	-1.888514E0	-2.754454E2	-5.303868E-1	-4.870060E2
4.332770E-1	-4.069568E0	-2.755172E2	4.516587E0	-4.867556E2
4.499415E-1	-5.974011E0	-2.755774E2	9.660731E0	-4.861046E2
4.666060E-1	-7.743340E0	-2.756204E2	1.444057E1	-4.856561E2
4.832705E-1	-9.194314E0	-2.755076E2	1.860451E1	-4.847736E2
4.999350E-1	-1.023346E1	-2.755418E2	2.215364E1	-4.842351E2
5.165995E-1	-1.069645E1	-2.756305E2	2.495846E1	-4.834110E2
5.332640E-1	-1.077585E1	-2.755966E2	2.692278E1	-4.831602E2
5.499285E-1	-1.073432E1	-2.756575E2	2.797264E1	-4.831636E2
5.665930E-1	-9.974783E0	-2.756939E2	2.815177E1	-4.832393E2
5.832575E-1	-8.759689E0	-2.758020E2	2.781128E1	-4.835099E2
5.999220E-1	-7.141218E0	-2.757393E2	2.648960E1	-4.841455E2
6.165865E-1	-5.247055E0	-2.756430E2	2.448661E1	-4.845977E2
6.332510E-1	-2.845968E0	-2.756643E2	2.189518E1	-4.853556E2
6.499155E-1	-2.955391E-1	-2.754646E2	1.835833E1	-4.861260E2
6.665800E-1	2.340350E0	-2.755607E2	1.477051E1	-4.866179E2
6.832445E-1	4.961846E0	-2.753460E2	1.075449E1	-4.871484E2
6.999090E-1	7.491777E0	-2.753632E2	6.713616E0	-4.871423E2
7.165735E-1	1.010316E1	-2.751371E2	2.821915E0	-4.870296E2
7.332380E-1	1.241173E1	-2.752176E2	-1.226549E0	-4.868071E2
7.499025E-1	1.424772E1	-2.750222E2	-4.620386E0	-4.861648E2
7.665670E-1	1.587446E1	-2.749281E2	-7.364337E0	-4.857364E2
7.832315E-1	1.719485E1	-2.748991E2	-9.589107E0	-4.852740E2
7.998960E-1	1.788317E1	-2.746870E2	-1.136099E1	-4.848309E2
8.165605E-1	1.817342E1	-2.747706E2	-1.233854E1	-4.846743E2
8.332250E-1	1.795136E1	-2.747484E2	-1.275906E1	-4.847664E2
8.498895E-1	1.740975E1	-2.751028E2	-1.242306E1	-4.849312E2
8.665540E-1	1.614101E1	-2.750130E2	-1.137944E1	-4.851553E2
8.832185E-1	1.451144E1	-2.751957E2	-9.650453E0	-4.855840E2
8.998830E-1	1.237254E1	-2.752313E2	-7.224904E0	-4.862466E2
9.165475E-1	1.011324E1	-2.751953E2	-4.745773E0	-4.868127E2
9.332120E-1	7.426099E0	-2.754153E2	-1.456132E0	-4.870220E2
9.498765E-1	4.563562E0	-2.755549E2	2.039439E0	-4.870941E2
9.665410E-1	1.638253E0	-2.754166E2	5.324957E0	-4.872230E2
9.832055E-1	-9.838875E-1	-2.754977E2	8.767327E0	-4.869978E2
9.998700E-1	-3.654105E0	-2.755846E2	1.166605E1	-4.865805E2
1.016534E0	-6.196078E0	-2.755118E2	1.444050E1	-4.859475E2
1.033199E0	-8.473273E0	-2.756886E2	1.655290E1	-4.854141E2
1.049863E0	-1.048632E1	-2.756361E2	1.835760E1	-4.847263E2
1.066528E0	-1.208151E1	-2.756155E2	1.895797E1	-4.841950E2
1.083193E0	-1.313715E1	-2.755108E2	1.905623E1	-4.837419E2
1.099857E0	-1.367939E1	-2.756666E2	1.872712E1	-4.837626E2
1.116522E0	-1.389055E1	-2.756756E2	1.759439E1	-4.840245E2
1.133186E0	-1.357172E1	-2.757494E2	1.551902E1	-4.844326E2
1.149851E0	-1.278642E1	-2.757245E2	1.294344E1	-4.847226E2
1.166515E0	-1.157367E1	-2.759807E2	9.407573E0	-4.854663E2
1.183180E0	-1.007310E1	-2.757671E2	5.890797E0	-4.859594E2
1.199844E0	-8.211288E0	-2.757691E2	1.468532E0	-4.865826E2
1.216508E0	-6.032547E0	-2.757689E2	-2.888184E0	-4.866527E2
1.233173E0	-3.793597E0	-2.757335E2	-7.551869E0	-4.869090E2
1.249838E0	-1.718377E0	-2.756436E2	-1.196150E1	-4.867119E2
1.266502E0	5.779623E-1	-2.754942E2	-1.602348E1	-4.864966E2
1.283167E0	2.774235E0	-2.754584E2	-2.016773E1	-4.858706E2
1.299831E0	4.800615E0	-2.754400E2	-2.364009E1	-4.853131E2
1.316496E0	6.619813E0	-2.752658E2	-2.636001E1	-4.846991E2
1.333160E0	7.973410E0	-2.752980E2	-2.851820E1	-4.839800E2
1.349824E0	9.014468E0	-2.752148E2	-2.980383E1	-4.837139E2
1.366489E0	9.501832E0	-2.753806E2	-3.020248E1	-4.833537E2
1.383154E0	9.645094E0	-2.750648E2	-3.009105E1	-4.832608E2
1.399818E0	9.520561E0	-2.754018E2	-2.915373E1	-4.834860E2
1.416483E0	8.965882E0	-2.752130E2	-2.722983E1	-4.839240E2
1.433147E0	8.030753E0	-2.752052E2	-2.450778E1	-4.847760E2
1.449812E0	6.822903E0	-2.752103E2	-2.128585E1	-4.853402E2
1.466476E0	5.185444E0	-2.753716E2	-1.730776E1	-4.858509E2
1.483140E0	3.411920E0	-2.754571E2	-1.300623E1	-4.864553E2
1.499805E0	1.439135E0	-2.754900E2	-8.819112E0	-4.867166E2
1.516469E0	-5.503579E-1	-2.755861E2	-3.509428E0	-4.871019E2
1.533134E0	-2.612174E0	-2.755401E2	1.417651E0	-4.870618E2
1.549799E0	-4.509915E0	-2.757809E2	6.629525E0	-4.868478E2
1.566463E0	-6.078883E0	-2.755777E2	1.092317E1	-4.862387E2
1.583128E0	-7.511364E0	-2.757260E2	1.489909E1	-4.856376E2
1.599792E0	-8.688308E0	-2.756473E2	1.847417E1	-4.850025E2
1.616456E0	-9.357645E0	-2.754733E2	2.146970E1	-4.844502E2
1.633121E0	-9.639105E0	-2.756772E2	2.364018E1	-4.840086E2
1.649785E0	-9.576910E0	-2.757280E2	2.517671E1	-4.836484E2
1.666450E0	-9.146420E0	-2.755822E2	2.607434E1	-4.834618E2
1.683115E0	-8.096736E0	-2.756119E2	2.585476E1	-4.837631E2
1.699779E0	-6.838362E0	-2.757150E2	2.526364E1	-4.842941E2
1.716444E0	-5.256648E0	-2.756014E2	2.365621E1	-4.846286E2
1.733108E0	-3.308758E0	-2.755237E2	2.156593E1	-4.853806E2
1.749772E0	-9.966691E-1	-2.756498E2	1.893502E1	-4.857546E2
1.766437E0	1.481056E0	-2.756467E2	1.581938E1	-4.864969E2
1.783101E0	3.704760E0	-2.753454E2	1.205695E1	-4.868732E2
1.799766E0	6.228869E0	-2.753281E2	8.291251E0	-4.871874E2
1.816430E0	8.544832E0	-2.753100E2	5.036562E0	-4.870295E2
1.833095E0	1.064173E1	-2.750257E2	1.412862E0	-4.870991E2
1.849760E0	1.258993E1	-2.749943E2	-1.892405E0	-4.864946E2
1.866424E0	1.446039E1	-2.751016E2	-4.646485E0	-4.862867E2
1.883089E0	1.559609E1	-2.747596E2	-6.935265E0	-4.857724E2
1.899753E0	1.661636E1	-2.747848E2	-8.801892E0	-4.856093E2
1.916418E0	1.711252E1	-2.748764E2	-9.747602E0	-4.853303E2
1.933082E0	1.699103E1	-2.748799E2	-1.019497E1	-4.853451E2
1.949747E0	1.667604E1	-2.747745E2	-1.028748E1	-4.853971E2
1.966411E0	1.573854E1	-2.748909E2	-1.006067E1	-4.855138E2
1.983076E0	1.453546E1	-2.751373E2	-8.803806E0	-4.859687E2
1.999740E0	1.263325E1	-2.749781E2	-6.780496E0	-4.863298E2
2.016405E0	1.075892E1	-2.752138E2	-4.629685E0	-4.868248E2
2.033069E0	8.573441E0	-2.750345E2	-2.210507E0	-4.870279E2
2.049733E0	6.119122E0	-2.754142E2	7.860081E-1	-4.871107E2
2.066398E0	3.568863E0	-2.756124E2	3.620963E0	-4.871775E2
2.083063E0	8.532062E-1	-2.754668E2	6.776187E0	-4.871039E2
2.099727E0	-1.671318E0	-2.755992E2	9.623195E0	-4.868973E2
2.116392E0	-4.240980E0	-2.754777E2	1.197108E1	-4.862260E2
2.133056E0	-6.388314E0	-2.754041E2	1.394175E1	-4.857815E2
2.149720E0	-8.250474E0	-2.754632E2	1.582263E1	-4.855057E2
2.166385E0	-9.731674E0	-2.756345E2	1.680373E1	-4.851205E2
2.183050E0	-1.106037E1	-2.756202E2	1.700823E1	-4.846601E2
2.199714E0	-1.178236E1	-2.757508E2	1.683294E1	-4.846141E2
2.216379E0	-1.218822E1	-2.754938E2	1.620023E1	-4.847238E2
2.233043E0	-1.208988E1	-2.755782E2	1.460497E1	-4.848707E2
2.249707E0	-1.157504E1	-2.757951E2	1.243281E1	-4.852591E2
2.266372E0	-1.074513E1	-2.756850E2	9.730516E0	-4.857143E2
2.283037E0	-9.565816E0	-2.758517E2	6.393681E0	-4.863162E2
2.299701E0	-8.041417E0	-2.756233E2	2.600173E0	-4.865816E2
2.316365E0	-6.269111E0	-2.755413E2	-1.443853E0	-4.868949E2
2.333030E0	-4.421481E0	-2.755254E2	-5.328601E0	-4.869330E2
2.349695E0	-2.174839E0	-2.756015E2	-9.498065E0	-4.869246E2
2.366359E0	-1.215760E-1	-2.755290E2	-1.342074E1	-4.866157E2
2.383024E0	1.867697E0	-2.754101E2	-1.719998E1	-4.864939E2
2.399688E0	3.663381E0	-2.752864E2	-2.095869E1	-4.857614E2
2.416352E0	5.255899E0	-2.754355E2	-2.350397E1	-4.854470E2
2.433017E0	6.626337E0	-2.751635E2	-2.551735E1	-4.849282E2
2.449682E0	7.708918E0	-2.751356E2	-2.725867E1	-4.844322E2
2.466346E0	8.480084E0	-2.753601E2	-2.775137E1	-4.843881E2
2.483010E0	8.746690E0	-2.750992E2	-2.772776E1	-4.842666E2
2.499675E0	8.768824E0	-2.751276E2	-2.722229E1	-4.842081E2
2.516339E0	8.397806E0	-2.753038E2	-2.565825E1	-4.846279E2
2.533004E0	7.568835E0	-2.754844E2	-2.351789E1	-4.849483E2
2.549669E0	6.538927E0	-2.754361E2	-2.096530E1	-4.854480E2
2.566333E0	5.181776E0	-2.754568E2	-1.749842E1	-4.860575E2
2.582997E0	3.576318E0	-2.752580E2	-1.345081E1	-4.865241E2
2.599662E0	2.088031E0	-2.753830E2	-9.433821E0	-4.869388E2
2.616326E0	2.703358E-1	-2.754742E2	-5.064535E0	-4.870842E2
2.632991E0	-1.496408E0	-2.755964E2	-8.882368E-1	-4.866423E2
2.649655E0	-3.341972E0	-2.755047E2	3.329526E0	-4.866819E2
2.666320E0	-4.670420E0	-2.756126E2	8.244572E0	-4.863347E2
2.682984E0	-5.953007E0	-2.755549E2	1.241957E1	-4.859612E2
2.699649E0	-6.989688E0	-2.755538E2	1.580644E1	-4.853515E2
2.716314E0	-7.784755E0	-2.756216E2	1.868250E1	-4.847464E2
2.732978E0	-8.216518E0	-2.754560E2	2.089671E1	-4.844476E2
2.749642E0	-8.146086E0	-2.754595E2	2.256719E1	-4.843219E2
2.766307E0	-7.834537E0	-2.757075E2	2.342882E1	-4.843202E2
2.782971E0	-7.123972E0	-2.755977E2	2.388932E1	-4.843495E2
2.799636E0	-6.036819E0	-2.755657E2	2.361397E1	-4.845626E2
2.816300E0	-4.725558E0	-2.757600E2	2.259322E1	-4.849867E2
2.832965E0	-3.111105E0	-2.756412E2	2.104283E1	-4.853622E2
2.849629E0	-1.135263E0	-2.755441E2	1.866455E1	-4.858668E2
2.866294E0	9.163656E-1	-2.754882E2	1.641505E1	-4.865400E2
2.882958E0	3.176519E0	-2.754848E2	1.339316E1	-4.870558E2
2.899623E0	5.304199E0	-2.754448E2	1.040356E1	-4.874716E2
2.916287E0	7.440214E0	-2.754142E2	7.158733E0	-4.870659E2
2.932952E0	9.338411E0	-2.752870E2	3.964068E0	-4.870700E2
2.949617E0	1.123828E1	-2.751636E2	8.835323E-1	-4.870222E2
2.966281E0	1.281235E1	-2.749954E2	-2.020105E0	-4.865356E2
2.982946E0	1.413086E1	-2.750051E2	-4.263855E0	-4.862127E2
2.999610E0	1.500074E1	-2.749043E2	-6.273077E0	-4.861141E2
3.016275E0	1.556760E1	-2.747353E2	-7.667692E0	-4.858950E2
3.032939E0	1.573859E1	-2.748397E2	-8.355958E0	-4.855972E2
3.049604E0	1.559551E1	-2.748177E2	-8.553625E0	-4.856725E2
3.066268E0	1.494014E1	-2.750202E2	-8.392315E0	-4.856435E2
3.082933E0	1.394572E1	-2.750754E2	-7.679317E0	-4.860027E2
3.099597E0	1.242807E1	-2.752475E2	-6.020396E0	-4.861657E2
3.116262E0	1.070028E1	-2.751279E2	-4.417605E0	-4.865591E2
3.132926E0	8.777299E0	-2.751680E2	-2.349998E0	-4.869845E2
3.149591E0	6.584786E0	-2.751791E2	-3.411727E-2	-4.869074E2
3.166255E0	4.348565E0	-2.754444E2	2.795982E0	-4.870182E2
3.182920E0	1.952266E0	-2.753298E2	5.364037E0	-4.871482E2
3.199584E0	-3.489278E-1	-2.754050E2	7.932429E0	-4.869278E2
3.216249E0	-2.554560E0	-2.756660E2	9.843784E0	-4.866238E2
3.232913E0	-4.708890E0	-2.756530E2	1.200616E1	-4.860486E2
3.249578E0	-6.698473E0	-2.756194E2	1.354577E1	-4.858273E2
3.266242E0	-8.251562E0	-2.754358E2	1.470954E1	-4.855446E2
3.282907E0	-9.433376E0	-2.754515E2	1.541301E1	-4.855500E2
3.299571E0	-1.016229E1	-2.755191E2	1.544091E1	-4.855634E2
3.316236E0	-1.054567E1	-2.756742E2	1.497115E1	-4.855406E2
3.332900E0	-1.082858E1	-2.756705E2	1.364046E1	-4.856389E2
3.349565E0	-1.060334E1	-2.757574E2	1.162224E1	-4.858540E2
3.366229E0	-1.013299E1	-2.755859E2	9.100711E0	-4.861285E2
3.382894E0	-9.055319E0	-2.756584E2	5.999959E0	-4.863877E2
3.399558E0	-7.766365E0	-2.758706E2	2.828554E0	-4.866674E2
3.416222E0	-6.349216E0	-2.754843E2	-4.028989E-1	-4.870067E2
3.432887E0	-4.659442E0	-2.757930E2	-4.242544E0	-4.871754E2
3.449552E0	-2.902785E0	-2.756517E2	-8.052298E0	-4.873071E2
3.466216E0	-1.130441E0	-2.755281E2	-1.165547E1	-4.873603E2
3.482881E0	6.432356E-1	-2.754254E2	-1.526395E1	-4.869042E2
3.499545E0	2.360520E0	-2.755394E2	-1.816349E1	-4.865616E2
3.516209E0	3.872433E0	-2.753998E2	-2.108716E1	-4.859257E2
3.532874E0	5.174475E0	-2.754783E2	-2.329818E1	-4.856074E2
3.549539E0	6.186792E0	-2.753970E2	-2.489423E1	-4.850460E2
3.566203E0	6.873842E0	-2.753308E2	-2.556933E1	-4.849901E2
3.582868E0	7.311144E0	-2.753885E2	-2.562237E1	-4.849991E2
3.599532E0	7.336513E0	-2.754070E2	-2.527999E1	-4.849779E2
3.616197E0	7.070703E0	-2.753039E2	-2.449546E1	-4.850631E2
3.632861E0	6.562012E0	-2.753613E2	-2.262255E1	-4.854551E2
3.649526E0	5.633259E0	-2.751347E2	-2.005006E1	-4.857697E2
3.666190E0	4.780903E0	-2.752512E2	-1.741076E1	-4.862346E2
3.682854E0	3.616889E0	-2.752298E2	-1.384688E1	-4.865071E2
3.699519E0	2.145652E0	-2.753342E2	-1.037885E1	-4.869500E2
3.716184E0	6.866032E-1	-2.752518E2	-6.617752E0	-4.871281E2
3.732848E0	-7.167186E-1	-2.755960E2	-2.422454E0	-4.870204E2
3.749513E0	-2.171907E0	-2.754120E2	1.636873E0	-4.867843E2
3.766177E0	-3.549380E0	-2.755771E2	5.702912E0	-4.864654E2
3.782841E0	-4.862116E0	-2.756177E2	9.577432E0	-4.861931E2
3.799506E0	-5.802323E0	-2.755935E2	1.309104E1	-4.858446E2
3.816171E0	-6.605525E0	-2.756117E2	1.575173E1	-4.856032E2
3.832835E0	-7.006660E0	-2.755204E2	1.785295E1	-4.852913E2
3.849499E0	-7.052310E0	-2.755762E2	1.972772E1	-4.848241E2
3.866164E0	-6.822780E0	-2.756304E2	2.087860E1	-4.847167E2
3.882829E0	-6.323185E0	-2.754407E2	2.137874E1	-4.847884E2
3.899493E0	-5.404019E0	-2.754570E2	2.141351E1	-4.849267E2
3.916158E0	-4.094357E0	-2.755620E2	2.061175E1	-4.850912E2
3.932822E0	-2.715647E0	-2.756612E2	1.954054E1	-4.855292E2
3.949486E0	-1.011356E0	-2.755611E2	1.790614E1	-4.857499E2
3.966151E0	8.877357E-1	-2.754139E2	1.555743E1	-4.863056E2
3.982816E0	2.675688E0	-2.753357E2	1.336820E1	-4.867004E2
3.999480E0	4.752374E0	-2.752842E2	1.068476E1	-4.869792E2
4.016145E0	6.839055E0	-2.752602E2	7.959929E0	-4.871378E2
4.032809E0	8.653322E0	-2.751163E2	5.151767E0	-4.870052E2
4.049474E0	1.041200E1	-2.752498E2	2.328810E0	-4.869768E2
4.066138E0	1.179838E1	-2.750415E2	-2.246198E-1	-4.868863E2
4.082803E0	1.304649E1	-2.750825E2	-2.339024E0	-4.865117E2
4.099467E0	1.395867E1	-2.749931E2	-4.048040E0	-4.862753E2
4.116132E0	1.450865E1	-2.751270E2	-5.290128E0	-4.862154E2
4.132796E0	1.458840E1	-2.747636E2	-6.075074E0	-4.861902E2
4.149460E0	1.462145E1	-2.747991E2	-6.438220E0	-4.862703E2
4.166125E0	1.416926E1	-2.751430E2	-6.337779E0	-4.863336E2
4.182790E0	1.313577E1	-2.751744E2	-5.971825E0	-4.863748E2
4.199454E0	1.188738E1	-2.750174E2	-5.084492E0	-4.865638E2
4.216119E0	1.035837E1	-2.752775E2	-3.676022E0	-4.869300E2
4.232783E0	8.631708E0	-2.751294E2	-1.522759E0	-4.870407E2
4.249448E0	6.867012E0	-2.752900E2	4.552481E-1	-4.871897E2
4.266112E0	4.892333E0	-2.752558E2	2.498067E0	-4.873239E2
4.282776E0	2.679431E0	-2.753232E2	4.747388E0	-4.872015E2
4.299441E0	6.250140E-1	-2.753227E2	6.828199E0	-4.870770E2
4.316105E0	-1.361419E0	-2.753470E2	8.816428E0	-4.869000E2
4.332770E0	-3.289571E0	-2.753748E2	1.075031E1	-4.867203E2
4.349435E0	-4.926041E0	-2.755317E2	1.171698E1	-4.862568E2
4.366099E0	-6.406334E0	-2.753775E2	1.274886E1	-4.859314E2
4.382764E0	-7.446974E0	-2.756620E2	1.306739E1	-4.857100E2
4.399428E0	-8.593232E0	-2.756408E2	1.294304E1	-4.856940E2
4.416092E0	-9.159467E0	-2.754741E2	1.256855E1	-4.857562E2
4.432757E0	-9.385685E0	-2.753566E2	1.141571E1	-4.857901E2
4.449422E0	-9.146181E0	-2.754831E2	1.019015E1	-4.861581E2
4.466086E0	-8.707174E0	-2.758254E2	8.153746E0	-4.860756E2
4.482750E0	-8.070009E0	-2.756553E2	5.161323E0	-4.862837E2
4.499415E0	-7.010030E0	-2.756687E2	2.427189E0	-4.867983E2
4.516080E0	-5.795314E0	-2.757279E2	-9.472800E-1	-4.866448E2
4.532744E0	-4.425320E0	-2.754153E2	-4.158934E0	-4.869972E2
4.549409E0	-2.820870E0	-2.757111E2	-7.700279E0	-4.871087E2
4.566073E0	-1.350920E0	-2.754243E2	-1.088041E1	-4.867729E2
4.582738E0	2.712793E-1	-2.755865E2	-1.369337E1	-4.867706E2
4.599402E0	1.742255E0	-2.753324E2	-1.646392E1	-4.865646E2
4.616066E0	3.077640E0	-2.755051E2	-1.902207E1	-4.859853E2
4.632731E0	4.133697E0	-2.754832E2	-2.113202E1	-4.857168E2
4.649396E0	5.110960E0	-2.754867E2	-2.270679E1	-4.856264E2
4.666060E0	5.647838E0	-2.751784E2	-2.325037E1	-4.851334E2
4.682724E0	6.246772E0	-2.753763E2	-2.356379E1	-4.852048E2
4.699389E0	6.302000E0	-2.754040E2	-2.339400E1	-4.851690E2
4.716054E0	6.140686E0	-2.753544E2	-2.277554E1	-4.852387E2
4.732718E0	5.715692E0	-2.752080E2	-2.129896E1	-4.854222E2
4.749382E0	5.218379E0	-2.753586E2	-1.919160E1	-4.855390E2
4.766047E0	4.231068E0	-2.754855E2	-1.659389E1	-4.861451E2
4.782712E0	3.191805E0	-2.755755E2	-1.344126E1	-4.864943E2
4.799376E0	1.960578E0	-2.754380E2	-1.013197E1	-4.866620E2
4.816040E0	6.869988E-1	-2.753103E2	-6.968465E0	-4.868940E2
4.832705E0	-4.956130E-1	-2.756082E2	-3.321370E0	-4.868905E2
4.849369E0	-1.792100E0	-2.755607E2	3.811806E-1	-4.868095E2
4.866034E0	-3.025376E0	-2.755112E2	4.090605E0	-4.864834E2
4.882699E0	-4.009814E0	-2.754937E2	7.327961E0	-4.863730E2
4.899363E0	-4.921348E0	-2.755637E2	1.068922E1	-4.860978E2
4.916028E0	-5.495843E0	-2.756801E2	1.311190E1	-4.857438E2
4.932692E0	-5.949619E0	-2.754308E2	1.564483E1	-4.856462E2
4.949356E0	-5.911884E0	-2.755051E2	1.737346E1	-4.855434E2
4.966021E0	-5.784425E0	-2.755972E2	1.864684E1	-4.855190E2
4.982686E0	-5.304477E0	-2.755129E2	1.926957E1	-4.855847E2
4.999350E0	-4.431421E0	-2.754321E2	1.937935E1	-4.856908E2
5.016014E0	-3.327293E0	-2.755261E2	1.899793E1	-4.857179E2
5.032679E0	-2.001529E0	-2.754823E2	1.800474E1	-4.858567E2
5.049343E0	-5.488003E-1	-2.756644E2	1.637576E1	-4.862294E2
5.066008E0	9.103485E-1	-2.754479E2	1.467474E1	-4.864066E2
5.082672E0	2.678301E0	-2.753482E2	1.274898E1	-4.867016E2
5.099337E0	4.514542E0	-2.755358E2	1.060445E1	-4.872412E2
5.116002E0	6.143516E0	-2.753906E2	8.330088E0	-4.873921E2
5.132666E0	7.828815E0	-2.751739E2	6.143112E0	-4.871163E2
5.149330E0	9.328796E0	-2.752305E2	3.625750E0	-4.871330E2
5.165995E0	1.071975E1	-2.750533E2	1.584161E0	-4.870646E2
5.182659E0	1.175416E1	-2.750495E2	-2.192912E-1	-4.870314E2
5.199324E0	1.259896E1	-2.749573E2	-2.005342E0	-4.867807E2
5.215989E0	1.317428E1	-2.750885E2	-3.223169E0	-4.864573E2
5.232653E0	1.340930E1	-2.751552E2	-4.011414E0	-4.863487E2
5.249318E0	1.325289E1	-2.751436E2	-4.424787E0	-4.863997E2
5.265982E0	1.269571E1	-2.750781E2	-4.486098E0	-4.864353E2
5.282647E0	1.202451E1	-2.750404E2	-4.194441E0	-4.864273E2
5.299311E0	1.100104E1	-2.751585E2	-3.510054E0	-4.866323E2
5.315976E0	9.652260E0	-2.750749E2	-2.191502E0	-4.869989E2
5.332640E0	8.245844E0	-2.752478E2	-5.562422E-1	-4.870330E2
5.349305E0	6.512479E0	-2.754478E2	1.150366E0	-4.870576E2
5.365969E0	4.654317E0	-2.752619E2	2.811691E0	-4.872690E2
5.382633E0	2.942305E0	-2.753990E2	4.614169E0	-4.872070E2
5.399298E0	1.051981E0	-2.754775E2	6.449856E0	-4.872318E2
5.415963E0	-8.526923E-1	-2.755861E2	8.360102E0	-4.870744E2
5.432627E0	-2.589224E0	-2.756202E2	9.864247E0	-4.867923E2
5.449292E0	-4.232096E0	-2.754324E2	1.052766E1	-4.866461E2
5.465956E0	-5.446087E0	-2.756537E2	1.126549E1	-4.863160E2
5.482621E0	-6.742080E0	-2.756085E2	1.173047E1	-4.859868E2
5.499285E0	-7.554936E0	-2.757826E2	1.172666E1	-4.858851E2
5.515949E0	-8.116518E0	-2.755806E2	1.127078E1	-4.860518E2
5.532614E0	-8.298673E0	-2.754249E2	1.005820E1	-4.859451E2
5.549279E0	-8.215068E0	-2.755130E2	8.534186E0	-4.861365E2
5.565943E0	-7.834775E0	-2.757310E2	6.703990E0	-4.862599E2
5.582607E0	-7.268398E0	-2.755860E2	4.491846E0	-4.864759E2
5.599272E0	-6.409387E0	-2.754724E2	1.777114E0	-4.866613E2
5.615937E0	-5.266249E0	-2.755337E2	-1.130791E0	-4.866503E2
5.632601E0	-4.029346E0	-2.755658E2	-4.053575E0	-4.868351E2
5.649266E0	-2.741925E0	-2.757477E2	-7.116756E0	-4.868173E2
5.665930E0	-1.507496E0	-2.757027E2	-9.754896E0	-4.869113E2
5.682595E0	-2.315216E-1	-2.754609E2	-1.254882E1	-4.867215E2
5.699259E0	1.036037E0	-2.754785E2	-1.494160E1	-4.864974E2
5.715923E0	2.141731E0	-2.755053E2	-1.715531E1	-4.865280E2
5.732588E0	3.209593E0	-2.754751E2	-1.904423E1	-4.861457E2
5.749253E0	3.889811E0	-2.753865E2	-2.038308E1	-4.859206E2
5.765917E0	4.460462E0	-2.754853E2	-2.120372E1	-4.857075E2
5.782582E0	4.844567E0	-2.753169E2	-2.138453E1	-4.857821E2
5.799246E0	4.955786E0	-2.753667E2	-2.117983E1	-4.858046E2
5.815911E0	4.940948E0	-2.753480E2	-2.057842E1	-4.859132E2
5.832575E0	4.594067E0	-2.752100E2	-1.925561E1	-4.859831E2
5.849239E0	4.123632E0	-2.753507E2	-1.742098E1	-4.862041E2
5.865904E0	3.365840E0	-2.755403E2	-1.512723E1	-4.864693E2
5.882569E0	2.468674E0	-2.754362E2	-1.280664E1	-4.868060E2
5.899233E0	1.460654E0	-2.754923E2	-9.574224E0	-4.871290E2
5.915897E0	3.728134E-1	-2.756075E2	-6.517838E0	-4.870560E2
5.932562E0	-8.552740E-1	-2.755447E2	-3.167139E0	-4.869405E2
5.949226E0	-1.841661E0	-2.755622E2	-9.755591E-2	-4.868988E2
5.965891E0	-2.744548E0	-2.755490E2	2.961438E0	-4.865988E2
5.982556E0	-3.633894E0	-2.756357E2	5.931629E0	-4.863637E2
5.999220E0	-4.499053E0	-2.757225E2	8.690434E0	-4.861753E2
6.015885E0	-4.977248E0	-2.755053E2	1.109553E1	-4.859101E2
6.032549E0	-5.118573E0	-2.754907E2	1.300746E1	-4.858207E2
6.049213E0	-5.078144E0	-2.755522E2	1.468884E1	-4.858019E2
6.065878E0	-4.870666E0	-2.755332E2	1.596385E1	-4.857412E2
6.082543E0	-4.442877E0	-2.757920E2	1.628281E1	-4.858726E2
6.099207E0	-3.691668E0	-2.756820E2	1.656494E1	-4.858414E2
6.115871E0	-2.772891E0	-2.754853E2	1.646998E1	-4.859417E2
6.132536E0	-1.685372E0	-2.756438E2	1.578281E1	-4.860754E2
6.149201E0	-4.341296E-1	-2.756099E2	1.445680E1	-4.862469E2
6.165865E0	1.062329E0	-2.754557E2	1.303121E1	-4.863229E2
6.182530E0	2.501521E0	-2.756252E2	1.166353E1	-4.869213E2
6.199194E0	4.044769E0	-2.753928E2	9.856791E0	-4.870475E2
6.215859E0	5.435910E0	-2.754699E2	7.950426E0	-4.872119E2
6.232523E0	6.973893E0	-2.753671E2	5.819172E0	-4.871374E2
6.249187E0	8.286772E0	-2.752310E2	3.960623E0	-4.870367E2
6.265852E0	9.417211E0	-2.753207E2	2.268977E0	-4.870208E2
6.282516E0	1.039598E1	-2.752932E2	8.826615E-1	-4.869519E2
6.299181E0	1.109304E1	-2.750744E2	-5.136635E-1	-4.870336E2
6.315846E0	1.152026E1	-2.751653E2	-1.422068E0	-4.870312E2
6.332510E0	1.158385E1	-2.749097E2	-2.365495E0	-4.869956E2
6.349175E0	1.166039E1	-2.749316E2	-2.565461E0	-4.868891E2
6.365839E0	1.144597E1	-2.752013E2	-2.503744E0	-4.867497E2
6.382503E0	1.053808E1	-2.753635E2	-2.247445E0	-4.866693E2
6.399168E0	9.494737E0	-2.754032E2	-1.682109E0	-4.868922E2
6.415833E0	8.405407E0	-2.754114E2	-7.505349E-1	-4.869291E2
6.432497E0	7.136092E0	-2.753261E2	4.259092E-1	-4.868840E2
6.449161E0	5.559477E0	-2.754501E2	1.908743E0	-4.868694E2
6.465826E0	3.981190E0	-2.753036E2	3.562258E0	-4.869805E2
6.482490E0	2.429191E0	-2.755624E2	5.105906E0	-4.869890E2
6.499155E0	6.823301E-1	-2.754385E2	6.411932E0	-4.871124E2
6.515820E0	-7.549880E-1	-2.755296E2	7.835898E0	-4.869187E2
6.532484E0	-2.138332E0	-2.754216E2	8.929035E0	-4.867590E2
6.549149E0	-3.567412E0	-2.756783E2	9.757368E0	-4.867356E2
6.565813E0	-4.817226E0	-2.755668E2	1.035277E1	-4.867565E2
6.582477E0	-5.774198E0	-2.756277E2	1.063950E1	-4.866661E2
6.599142E0	-6.517836E0	-2.756580E2	1.052349E1	-4.867160E2
6.615806E0	-7.032600E0	-2.755573E2	1.018457E1	-4.867105E2
6.632471E0	-7.216825E0	-2.755555E2	8.824578E0	-4.867683E2
6.649136E0	-7.115446E0	-2.755753E2	7.196902E0	-4.868109E2
6.665800E0	-6.808214E0	-2.756243E2	5.182778E0	-4.869437E2
6.682465E0	-6.229867E0	-2.754806E2	2.959600E0	-4.870285E2
6.699129E0	-5.565586E0	-2.757406E2	5.805736E-1	-4.872357E2
6.715794E0	-4.789823E0	-2.756367E2	-1.761654E0	-4.873830E2
6.732458E0	-3.710191E0	-2.756111E2	-4.001426E0	-4.873868E2
6.749123E0	-2.700051E0	-2.756339E2	-6.919341E0	-4.873543E2
6.765787E0	-1.729837E0	-2.755963E2	-9.374680E0	-4.874480E2
6.782452E0	-5.905018E-1	-2.756655E2	-1.165557E1	-4.874338E2
6.799116E0	3.151339E-1	-2.755852E2	-1.348644E1	-4.874083E2
6.815780E0	1.257240E0	-2.754660E2	-1.560035E1	-4.872838E2
6.832445E0	2.091989E0	-2.754453E2	-1.718865E1	-4.866426E2
6.849110E0	2.593089E0	-2.754169E2	-1.804622E1	-4.865597E2
6.865774E0	3.277185E0	-2.754874E2	-1.872927E1	-4.866244E2
6.882439E0	3.434435E0	-2.755303E2	-1.879741E1	-4.866386E2
6.899103E0	3.511798E0	-2.755640E2	-1.848153E1	-4.866395E2
6.915768E0	3.395882E0	-2.754507E2	-1.773664E1	-4.867009E2
6.932432E0	3.154621E0	-2.753978E2	-1.664344E1	-4.867498E2
6.949097E0	2.550872E0	-2.755861E2	-1.511334E1	-4.868032E2
6.965761E0	1.974065E0	-2.753416E2	-1.316866E1	-4.869680E2
6.982426E0	1.267167E0	-2.754138E2	-1.111935E1	-4.870568E2
6.999090E0	4.064162E-1	-2.755116E2	-8.359788E0	-4.873000E2
7.015754E0	-4.684408E-1	-2.756169E2	-5.647768E0	-4.874190E2
7.032419E0	-1.424866E0	-2.754249E2	-2.782532E0	-4.873908E2
7.049084E0	-2.092733E0	-2.755047E2	1.306147E-1	-4.871572E2
7.065748E0	-2.763339E0	-2.755970E2	2.785329E0	-4.871945E2
7.082413E0	-3.534642E0	-2.756606E2	5.429498E0	-4.871014E2
7.099077E0	-3.871089E0	-2.755693E2	7.877884E0	-4.869351E2
7.115742E0	-4.187259E0	-2.754931E2	9.878570E0	-4.867661E2
7.132406E0	-4.439054E0	-2.757312E2	1.174468E1	-4.867131E2
7.149070E0	-4.447440E0	-2.757170E2	1.320324E1	-4.866955E2
7.165735E0	-4.158863E0	-2.755384E2	1.417327E1	-4.865712E2
7.182400E0	-3.621788E0	-2.757179E2	1.460029E1	-4.866519E2
7.199064E0	-2.839702E0	-2.755274E2	1.485801E1	-4.866932E2
7.215728E0	-1.965942E0	-2.755414E2	1.460243E1	-4.867400E2
7.232393E0	-8.213045E-1	-2.755765E2	1.418234E1	-4.867572E2
7.249058E0	3.615696E-1	-2.756010E2	1.301596E1	-4.869019E2
7.265722E0	1.528617E0	-2.756281E2	1.190969E1	-4.871180E2
7.282387E0	2.822256E0	-2.754826E2	1.056828E1	-4.875449E2
7.299051E0	4.288353E0	-2.753946E2	9.052061E0	-4.872430E2
7.315716E0	5.427783E0	-2.753942E2	7.417405E0	-4.874046E2
7.332380E0	6.775395E0	-2.752282E2	5.869254E0	-4.872476E2
7.349044E0	7.892825E0	-2.751375E2	4.306664E0	-4.872086E2
7.365709E0	8.927724E0	-2.751492E2	3.139888E0	-4.870811E2
7.382373E0	9.575942E0	-2.750966E2	1.955403E0	-4.870522E2
7.399038E0	1.035834E1	-2.752134E2	9.036591E-1	-4.870822E2
7.415703E0	1.052398E1	-2.752612E2	2.681384E-1	-4.871691E2
7.432367E0	1.059397E1	-2.750852E2	2.070226E-2	-4.870806E2
7.449032E0	1.054631E1	-2.753034E2	-4.720811E-1	-4.871383E2
7.465696E0	1.021980E1	-2.752711E2	-3.387237E-1	-4.871324E2
7.482360E0	9.452051E0	-2.752446E2	3.387165E-2	-4.870931E2
7.499025E0	8.552452E0	-2.754465E2	5.228204E-1	-4.872015E2
7.515690E0	7.503034E0	-2.754201E2	1.430326E0	-4.872801E2
7.532354E0	6.318777E0	-2.753845E2	2.151919E0	-4.871959E2
7.549018E0	5.021044E0	-2.753090E2	3.296674E0	-4.873954E2
7.565683E0	3.652166E0	-2.753643E2	4.287667E0	-4.873926E2
7.582348E0	2.373005E0	-2.755522E2	5.613501E0	-4.873330E2
7.599012E0	1.034499E0	-2.753633E2	6.662822E0	-4.872219E2
7.615677E0	-3.164660E-1	-2.753843E2	7.686706E0	-4.871362E2
7.632341E0	-1.502012E0	-2.755683E2	8.396733E0	-4.871184E2
7.649006E0	-2.770302E0	-2.755533E2	8.915231E0	-4.868908E2
7.665670E0	-3.666404E0	-2.756032E2	9.025861E0	-4.868114E2
7.682334E0	-4.604023E0	-2.756241E2	8.995062E0	-4.867751E2
7.698999E0	-5.208952E0	-2.755908E2	8.731490E0	-4.868421E2
7.715664E0	-5.528818E0	-2.757517E2	8.136612E0	-4.868253E2
7.732328E0	-5.776724E0	-2.756534E2	6.935569E0	-4.868653E2
7.748992E0	-5.776612E0	-2.755069E2	5.323872E0	-4.870326E2
7.765657E0	-5.583074E0	-2.756727E2	3.759935E0	-4.870530E2
7.782322E0	-5.273411E0	-2.755584E2	1.748683E0	-4.872037E2
7.798986E0	-4.657680E0	-2.756622E2	-4.008101E-1	-4.872715E2
7.815650E0	-3.872262E0	-2.756300E2	-2.402552E0	-4.873603E2
7.832315E0	-3.112675E0	-2.754865E2	-4.655425E0	-4.874646E2
7.848980E0	-2.147692E0	-2.754689E2	-6.840106E0	-4.873367E2
7.865644E0	-1.409903E0	-2.754809E2	-9.159096E0	-4.873932E2
7.882308E0	-4.913543E-1	-2.757289E2	-1.113122E1	-4.873682E2
7.898973E0	2.590592E-1	-2.755871E2	-1.316846E1	-4.870862E2
7.915637E0	9.705617E-1	-2.753958E2	-1.475960E1	-4.869240E2
7.932302E0	1.515309E0	-2.755437E2	-1.580999E1	-4.868233E2
7.948967E0	1.989139E0	-2.753143E2	-1.662018E1	-4.866595E2
7.965631E0	2.306368E0	-2.755188E2	-1.689341E1	-4.865577E2
7.982296E0	2.357436E0	-2.755502E2	-1.708702E1	-4.865860E2
7.998960E0	2.326014E0	-2.755139E2	-1.695464E1	-4.865774E2
8.015624E0	2.228080E0	-2.754582E2	-1.635560E1	-4.867236E2
8.032289E0	1.974991E0	-2.753883E2	-1.520904E1	-4.867174E2
8.048953E0	1.501510E0	-2.755408E2	-1.362275E1	-4.870112E2
8.065618E0	1.001297E0	-2.753679E2	-1.206525E1	-4.869555E2
8.082282E0	3.775623E-1	-2.755832E2	-1.017787E1	-4.871069E2
8.098947E0	-2.903837E-1	-2.753813E2	-8.078934E0	-4.870157E2
8.115611E0	-9.384339E-1	-2.755052E2	-5.466391E0	-4.871738E2
8.132276E0	-1.640853E0	-2.755875E2	-2.996194E0	-4.871398E2
8.148941E0	-2.217784E0	-2.754369E2	-8.085035E-1	-4.870670E2
8.165605E0	-2.679598E0	-2.754889E2	1.390137E0	-4.871804E2
8.182270E0	-3.235973E0	-2.754374E2	3.918193E0	-4.870655E2
8.198934E0	-3.414127E0	-2.754473E2	5.862722E0	-4.870031E2
8.215599E0	-3.505687E0	-2.757134E2	7.581782E0	-4.869281E2
8.232263E0	-3.588823E0	-2.756824E2	9.178980E0	-4.867959E2
8.248928E0	-3.402504E0	-2.755015E2	1.038974E1	-4.868448E2
8.265592E0	-2.853904E0	-2.755457E2	1.102830E1	-4.867227E2
8.282256E0	-2.335880E0	-2.753901E2	1.142083E1	-4.868755E2
8.298921E0	-1.619432E0	-2.756108E2	1.180114E1	-4.868260E2
8.315586E0	-6.944032E-1	-2.755746E2	1.168810E1	-4.869294E2
8.332250E0	2.670040E-1	-2.755522E2	1.135245E1	-4.870198E2
8.348915E0	1.301106E0	-2.755207E2	1.088483E1	-4.870131E2
8.365579E0	2.320816E0	-2.755523E2	1.003582E1	-4.870637E2
8.382244E0	3.421772E0	-2.755181E2	8.957326E0	-4.871531E2
8.398908E0	4.643447E0	-2.753622E2	7.868168E0	-4.872236E2
8.415572E0	5.563211E0	-2.754516E2	6.687000E0	-4.873077E2
8.432237E0	6.563919E0	-2.752542E2	5.647645E0	-4.872252E2
8.448901E0	7.563628E0	-2.750607E2	4.488955E0	-4.871692E2
8.465566E0	8.506269E0	-2.752976E2	3.718520E0	-4.871954E2
8.482231E0	8.952370E0	-2.751337E2	2.993256E0	-4.870815E2
8.498895E0	9.326472E0	-2.751930E2	2.263573E0	-4.871431E2
8.515560E0	9.469071E0	-2.753452E2	2.035473E0	-4.870821E2
8.532224E0	9.427619E0	-2.753183E2	1.787299E0	-4.871004E2
8.548889E0	9.187526E0	-2.752013E2	1.707760E0	-4.871498E2
8.565553E0	8.901290E0	-2.751784E2	1.761236E0	-4.871430E2
8.582218E0	8.393692E0	-2.753063E2	1.935364E0	-4.871249E2
8.598882E0	7.498947E0	-2.753958E2	2.285489E0	-4.872133E2
8.615547E0	6.595439E0	-2.752587E2	3.125978E0	-4.872115E2
8.632211E0	5.564293E0	-2.754640E2	3.830950E0	-4.872652E2
8.648876E0	4.489645E0	-2.754698E2	4.642238E0	-4.872828E2
8.665540E0	3.332621E0	-2.754261E2	5.568648E0	-4.872699E2
8.682204E0	2.194498E0	-2.754189E2	6.302992E0	-4.872838E2
8.698869E0	1.033664E0	-2.754041E2	7.040465E0	-4.870841E2
8.715533E0	8.344452E-3	-2.754446E2	7.568612E0	-4.870945E2
8.732198E0	-9.799659E-1	-2.755280E2	7.868458E0	-4.869977E2
8.748862E0	-1.843051E0	-2.755492E2	8.035014E0	-4.869498E2
8.765527E0	-2.659484E0	-2.756085E2	7.915352E0	-4.869157E2
8.782192E0	-3.272887E0	-2.754126E2	7.724076E0	-4.869781E2
8.798856E0	-3.726265E0	-2.755964E2	7.112570E0	-4.869090E2
8.815520E0	-4.022774E0	-2.755616E2	6.113214E0	-4.869591E2
8.832185E0	-4.161128E0	-2.755033E2	4.859590E0	-4.869748E2
8.848850E0	-4.104392E0	-2.755172E2	3.541234E0	-4.870962E2
8.865514E0	-3.921223E0	-2.755564E2	1.811974E0	-4.871636E2
8.882179E0	-3.583759E0	-2.756670E2	9.419251E-2	-4.871785E2
8.898843E0	-3.203341E0	-2.754932E2	-1.989061E0	-4.872470E2
8.915508E0	-2.672980E0	-2.755127E2	-3.917380E0	-4.872769E2
8.932172E0	-2.101497E0	-2.754099E2	-5.905845E0	-4.873588E2
8.948836E0	-1.575693E0	-2.756761E2	-7.901279E0	-4.873321E2
8.965501E0	-9.429542E-1	-2.755631E2	-9.816876E0	-4.873223E2
8.982166E0	-3.198815E-1	-2.753442E2	-1.134459E1	-4.873868E2
8.998830E0	3.524838E-1	-2.755811E2	-1.263850E1	-4.874219E2
9.015495E0	7.374633E-1	-2.752762E2	-1.397541E1	-4.868942E2
9.032159E0	1.133446E0	-2.754702E2	-1.485431E1	-4.867277E2
9.048824E0	1.401712E0	-2.754982E2	-1.566737E1	-4.867913E2
9.065488E0	1.502447E0	-2.755725E2	-1.560979E1	-4.867935E2
9.082152E0	1.450513E0	-2.755472E2	-1.542675E1	-4.867552E2
9.098817E0	1.397885E0	-2.755052E2	-1.521293E1	-4.866820E2
9.115481E0	1.220691E0	-2.753590E2	-1.455284E1	-4.867778E2
9.132146E0	8.371121E-1	-2.753994E2	-1.331148E1	-4.868186E2
9.148810E0	5.531116E-1	-2.756655E2	-1.199597E1	-4.868553E2
9.165475E0	2.031728E-2	-2.755317E2	-1.072539E1	-4.869926E2
9.182139E0	-4.608360E-1	-2.757029E2	-8.777607E0	-4.871729E2
9.198804E0	-1.014388E0	-2.754918E2	-6.902306E0	-4.868957E2
9.215469E0	-1.532622E0	-2.756471E2	-5.194636E0	-4.869514E2
9.232133E0	-1.924103E0	-2.755215E2	-3.104819E0	-4.868577E2
9.248798E0	-2.215895E0	-2.754148E2	-1.256051E0	-4.868052E2
9.265462E0	-2.737509E0	-2.755124E2	8.135162E-1	-4.868059E2
9.282127E0	-2.889185E0	-2.755517E2	2.486576E0	-4.867678E2
9.298791E0	-2.955554E0	-2.754689E2	4.207032E0	-4.866739E2
9.315456E0	-2.909846E0	-2.754993E2	5.366032E0	-4.864484E2
9.332120E0	-2.773170E0	-2.755662E2	6.795820E0	-4.863724E2
9.348784E0	-2.488673E0	-2.756617E2	7.704488E0	-4.863812E2
9.365449E0	-2.008517E0	-2.755386E2	8.476648E0	-4.864160E2
9.382113E0	-1.464156E0	-2.757426E2	8.875207E0	-4.863394E2
9.398778E0	-7.360332E-1	-2.755727E2	8.953211E0	-4.863032E2
9.415443E0	9.760270E-2	-2.755567E2	8.873108E0	-4.863448E2
9.432107E0	1.025190E0	-2.754685E2	8.645699E0	-4.864896E2
9.448772E0	1.841363E0	-2.753419E2	8.399892E0	-4.865467E2
9.465436E0	2.950351E0	-2.755437E2	8.235370E0	-4.866597E2
9.482100E0	3.831293E0	-2.753969E2	7.328308E0	-4.865772E2
9.498765E0	4.907740E0	-2.752659E2	6.820465E0	-4.865590E2
9.515429E0	5.660532E0	-2.751721E2	6.270634E0	-4.866063E2
9.532094E0	6.560775E0	-2.754753E2	5.623655E0	-4.865714E2
9.548758E0	7.127441E0	-2.753344E2	4.990372E0	-4.863550E2
9.565423E0	7.574957E0	-2.752226E2	4.369211E0	-4.864336E2
9.582088E0	8.198638E0	-2.752157E2	4.133310E0	-4.864070E2
9.598752E0	8.418231E0	-2.752534E2	3.523284E0	-4.864449E2
9.615416E0	8.408998E0	-2.753396E2	3.349416E0	-4.865027E2
9.632081E0	8.400262E0	-2.752942E2	3.362300E0	-4.865009E2
9.648746E0	8.012644E0	-2.752106E2	3.457980E0	-4.865378E2
9.665410E0	7.532924E0	-2.754355E2	3.596989E0	-4.865419E2
9.682075E0	7.124261E0	-2.753208E2	3.931218E0	-4.865474E2
9.698739E0	6.359244E0	-2.753818E2	4.240244E0	-4.865918E2
9.715404E0	5.506677E0	-2.753964E2	4.897184E0	-4.864706E2
9.732068E0	4.678861E0	-2.752038E2	5.264832E0	-4.866266E2
9.748733E0	3.792279E0	-2.752943E2	5.905396E0	-4.865408E2
9.765397E0	2.977734E0	-2.754224E2	6.251704E0	-4.866038E2
9.782061E0	2.072694E0	-2.753713E2	6.746989E0	-4.865060E2
9.798726E0	1.255899E0	-2.754339E2	6.999206E0	-4.864291E2
9.815390E0	3.376966E-1	-2.755766E2	7.115132E0	-4.864405E2
9.832055E0	-5.124852E-1	-2.756481E2	7.033596E0	-4.863459E2
9.848720E0	-1.167156E0	-2.754588E2	6.824133E0	-4.863586E2
9.865384E0	-1.668202E0	-2.755695E2	6.527614E0	-4.863495E2
9.882049E0	-2.176170E0	-2.754102E2	6.216642E0	-4.863996E2
9.898713E0	-2.546886E0	-2.755848E2	5.326794E0	-4.864105E2
9.915377E0	-2.790594E0	-2.755322E2	4.454263E0	-4.864077E2
9.932042E0	-2.881401E0	-2.754512E2	3.147240E0	-4.863634E2
9.948707E0	-2.862079E0	-2.755156E2	2.055847E0	-4.864261E2
9.965371E0	-2.679328E0	-2.755624E2	3.679542E-1	-4.865480E2
9.982036E0	-2.584708E0	-2.756002E2	-1.258461E0	-4.866048E2
9.998700E0	-2.218089E0	-2.754291E2	-3.017735E0	-4.865292E2
