#multi:7
	mass A		mass B		
t	x	y	x	y	
0.000000E0	-1.752659E1	-2.787577E2		
1.666450E-2	-1.493438E1	-2.788414E2		
3.332900E-2	-1.213334E1	-2.787817E2		
4.999350E-2	-8.759029E0	-2.790635E2		
6.665800E-2	-4.592011E0	-2.793491E2	5.027649E0	-4.950634E2
8.332250E-2	-1.080304E0	-2.792543E2	-8.337111E-1	-4.955520E2
9.998700E-2	2.939119E0	-2.791368E2	-6.772188E0	-4.959541E2
1.166515E-1	7.160238E0	-2.792007E2	-1.234027E1	-4.953906E2
1.333160E-1	1.013966E1	-2.788852E2	-1.904255E1	-4.928330E2
1.499805E-1	1.335769E1	-2.788099E2	-2.454219E1	-4.913233E2
1.666450E-1	1.627949E1	-2.785894E2	-2.817218E1	-4.902863E2
1.833095E-1	1.856260E1	-2.784260E2	-3.138579E1	-4.895537E2
1.999740E-1	2.047394E1	-2.782385E2	-3.343317E1	-4.885986E2
2.166385E-1	2.139445E1	-2.782347E2	-3.480169E1	-4.880723E2
2.333030E-1	2.160976E1	-2.782059E2	-3.487711E1	-4.880381E2
2.499675E-1	2.139293E1	-2.782351E2	-3.458321E1	-4.886019E2
2.666320E-1	2.028016E1	-2.784448E2	-3.147797E1	-4.893067E2
2.832965E-1	1.849831E1	-2.784335E2	-2.883069E1	-4.900844E2
2.999610E-1	1.636341E1	-2.786522E2	-2.562635E1	-4.920519E2
3.166255E-1	1.343615E1	-2.788970E2	-2.087310E1	-4.924025E2
3.332900E-1	1.020869E1	-2.789667E2	-1.607553E1	-4.943670E2
3.499545E-1	7.393544E0	-2.792580E2	-8.939535E0	-4.954449E2
3.666190E-1	3.573388E0	-2.792941E2	-3.005278E0	-4.944669E2
3.832835E-1	-1.432596E-1	-2.792992E2	3.404795E0	-4.938851E2
3.999480E-1	-3.918733E0	-2.794198E2	1.030480E1	-4.955411E2
4.166125E-1	-7.601186E0	-2.790856E2	1.521731E1	-4.931030E2
4.332770E-1	-1.060464E1	-2.791164E2	2.043475E1	-4.916098E2
4.499415E-1	-1.311312E1	-2.789048E2	2.478406E1	-4.900762E2
4.666060E-1	-1.511023E1	-2.788185E2	2.854390E1	-4.885184E2
4.832705E-1	-1.637763E1	-2.788671E2	3.091570E1	-4.871881E2
4.999350E-1	-1.699663E1	-2.787893E2	3.223453E1	-4.868199E2
5.165995E-1	-1.699663E1	-2.787893E2	3.189637E1	-4.869488E2
5.332640E-1	-1.649318E1	-2.787223E2	3.093179E1	-4.873100E2
5.499285E-1	-1.542591E1	-2.788863E2	2.866272E1	-4.883540E2
5.665930E-1	-1.364146E1	-2.789088E2	2.602932E1	-4.899305E2
5.832575E-1	-1.132338E1	-2.788930E2	2.162983E1	-4.918811E2
5.999220E-1	-8.680309E0	-2.791749E2	1.627370E1	-4.931538E2
6.165865E-1	-4.790776E0	-2.793186E2	1.116124E1	-4.949316E2
6.332510E-1	-1.602309E0	-2.794110E2	4.741276E0	-4.957374E2
6.499155E-1	2.206171E0	-2.793504E2	-1.564167E0	-4.954148E2
6.665800E-1	5.723776E0	-2.792413E2	-8.550754E0	-4.940982E2
6.832445E-1	8.552873E0	-2.789605E2	-1.469726E1	-4.948529E2
6.999090E-1	1.194045E1	-2.786351E2	-2.033262E1	-4.934476E2
7.165735E-1	1.444106E1	-2.786911E2	-2.556523E1	-4.923892E2
7.332380E-1	1.680671E1	-2.785742E2	-2.928279E1	-4.912679E2
7.499025E-1	1.858158E1	-2.784006E2	-3.279486E1	-4.898103E2
7.665670E-1	1.958580E1	-2.783914E2	-3.509146E1	-4.888501E2
7.832315E-1	2.010188E1	-2.784655E2	-3.615102E1	-4.888821E2
7.998960E-1	2.010300E1	-2.784651E2	-3.621123E1	-4.888533E2
8.165605E-1	1.885184E1	-2.783538E2	-3.537397E1	-4.894106E2
8.332250E-1	1.747690E1	-2.785052E2	-3.331664E1	-4.902766E2
8.498895E-1	1.521467E1	-2.787481E2	-3.018856E1	-4.915277E2
8.665540E-1	1.269570E1	-2.786767E2	-2.669437E1	-4.925908E2
8.832185E-1	1.049332E1	-2.791219E2	-2.158448E1	-4.936023E2
8.998830E-1	6.968654E0	-2.790615E2	-1.618098E1	-4.942750E2
9.165475E-1	3.365693E0	-2.792279E2	-1.083906E1	-4.950776E2
9.332120E-1	-5.893974E-1	-2.794003E2	-5.372317E0	-4.953896E2
9.498765E-1	-3.830206E0	-2.794545E2	9.825067E-1	-4.949178E2
9.665410E-1	-7.379503E0	-2.792237E2	7.141166E0	-4.941699E2
9.832055E-1	-1.089959E1	-2.789777E2	1.221260E1	-4.933275E2
9.998700E-1	-1.352960E1	-2.789505E2	1.620823E1	-4.918450E2
1.016534E0	-1.561763E1	-2.787857E2	1.984603E1	-4.909844E2
1.033199E0	-1.739723E1	-2.787665E2	2.262551E1	-4.901035E2
1.049863E0	-1.817711E1	-2.787289E2	2.435728E1	-4.887588E2
1.066528E0	-1.859748E1	-2.787794E2	2.510520E1	-4.884760E2
1.083192E0	-1.837423E1	-2.787313E2	2.493065E1	-4.888750E2
1.099857E0	-1.760304E1	-2.787716E2	2.407353E1	-4.896823E2
1.116521E0	-1.582639E1	-2.789791E2	2.142136E1	-4.900613E2
1.133186E0	-1.361778E1	-2.789520E2	1.830512E1	-4.917275E2
1.149850E0	-1.114939E1	-2.788415E2	1.443090E1	-4.928641E2
1.166515E0	-7.616915E0	-2.793225E2	9.190790E0	-4.937989E2
1.183179E0	-4.331804E0	-2.793867E2	4.271508E0	-4.949291E2
1.199844E0	-8.360795E-1	-2.794674E2	-1.263802E0	-4.954877E2
1.216508E0	2.773510E0	-2.793267E2	-6.961371E0	-4.956098E2
1.233173E0	6.472997E0	-2.791739E2	-1.290765E1	-4.948547E2
1.249837E0	9.379048E0	-2.789498E2	-1.793538E1	-4.937499E2
1.266502E0	1.214981E1	-2.789589E2	-2.271417E1	-4.934400E2
1.283166E0	1.501886E1	-2.787123E2	-2.654278E1	-4.919807E2
1.299831E0	1.727958E1	-2.785384E2	-2.956681E1	-4.907468E2
1.316495E0	1.877168E1	-2.784577E2	-3.112912E1	-4.900570E2
1.333160E0	1.976814E1	-2.784465E2	-3.269797E1	-4.892777E2
1.349824E0	2.016375E1	-2.783457E2	-3.290488E1	-4.886150E2
1.366489E0	1.993354E1	-2.782426E2	-3.211542E1	-4.891488E2
1.383153E0	1.915594E1	-2.783556E2	-3.049087E1	-4.897818E2
1.399818E0	1.750156E1	-2.785063E2	-2.787457E1	-4.907251E2
1.416482E0	1.549779E1	-2.785289E2	-2.399967E1	-4.920909E2
1.433147E0	1.281079E1	-2.787024E2	-1.900875E1	-4.932663E2
1.449811E0	9.816993E0	-2.787300E2	-1.423765E1	-4.944784E2
1.466476E0	7.091742E0	-2.792004E2	-8.795231E0	-4.949780E2
1.483140E0	3.740492E0	-2.792650E2	-2.837545E0	-4.946032E2
1.499805E0	2.631739E-1	-2.793727E2	3.168779E0	-4.943472E2
1.516469E0	-3.275241E0	-2.792926E2	8.847987E0	-4.938523E2
1.533134E0	-6.033579E0	-2.792446E2	1.381924E1	-4.929597E2
1.549798E0	-9.373011E0	-2.789899E2	1.851273E1	-4.922605E2
1.566463E0	-1.183544E1	-2.789004E2	2.282765E1	-4.909882E2
1.583127E0	-1.358698E1	-2.788289E2	2.576518E1	-4.898132E2
1.599792E0	-1.472340E1	-2.788727E2	2.790869E1	-4.889980E2
1.616456E0	-1.550226E1	-2.788314E2	2.894482E1	-4.885412E2
1.633121E0	-1.550312E1	-2.788310E2	2.894073E1	-4.884419E2
1.649785E0	-1.501416E1	-2.789231E2	2.805053E1	-4.885674E2
1.666450E0	-1.397634E1	-2.789104E2	2.582058E1	-4.895341E2
1.683114E0	-1.236687E1	-2.788573E2	2.307310E1	-4.904154E2
1.699779E0	-1.029519E1	-2.790353E2	1.878034E1	-4.918811E2
1.716443E0	-7.764431E0	-2.791225E2	1.436325E1	-4.931356E2
1.733108E0	-4.292439E0	-2.791828E2	9.205677E0	-4.941013E2
1.749772E0	-1.773250E0	-2.791119E2	3.422682E0	-4.943861E2
1.766437E0	2.294900E0	-2.792283E2	-2.468883E0	-4.942892E2
1.783101E0	5.510325E0	-2.791577E2	-8.907391E0	-4.946297E2
1.799766E0	8.386830E0	-2.791836E2	-1.461598E1	-4.945328E2
1.816430E0	1.059449E1	-2.788406E2	-1.985850E1	-4.935258E2
1.833095E0	1.296939E1	-2.787041E2	-2.445733E1	-4.926182E2
1.849759E0	1.537295E1	-2.785794E2	-2.786843E1	-4.912651E2
1.866424E0	1.687245E1	-2.784639E2	-3.138819E1	-4.905623E2
1.883088E0	1.789029E1	-2.784525E2	-3.312325E1	-4.897177E2
1.899753E0	1.817330E1	-2.785423E2	-3.393656E1	-4.893347E2
1.916417E0	1.805272E1	-2.785586E2	-3.401363E1	-4.892606E2
1.933082E0	1.716325E1	-2.785919E2	-3.323915E1	-4.900069E2
1.949746E0	1.592989E1	-2.784774E2	-3.163267E1	-4.901613E2
1.966411E0	1.373824E1	-2.787248E2	-2.894237E1	-4.917708E2
1.983075E0	1.134283E1	-2.789231E2	-2.507853E1	-4.930803E2
1.999740E0	8.515827E0	-2.789813E2	-2.078020E1	-4.940643E2
2.016404E0	5.976209E0	-2.791858E2	-1.560217E1	-4.944698E2
2.033069E0	2.719409E0	-2.791503E2	-1.023862E1	-4.951580E2
2.049733E0	-7.794322E-1	-2.792388E2	-5.082584E0	-4.952503E2
2.066398E0	-4.691553E0	-2.791429E2	7.899484E-1	-4.953189E2
2.083062E0	-7.507286E0	-2.790833E2	5.989094E0	-4.947143E2
2.099727E0	-1.030162E1	-2.790331E2	1.072744E1	-4.939654E2
2.116391E0	-1.274213E1	-2.790315E2	1.470468E1	-4.926551E2
2.133056E0	-1.439796E1	-2.788317E2	1.833389E1	-4.914800E2
2.149720E0	-1.588932E1	-2.788880E2	2.072748E1	-4.908624E2
2.166385E0	-1.663909E1	-2.788533E2	2.196506E1	-4.899788E2
2.183049E0	-1.686719E1	-2.788965E2	2.281525E1	-4.896900E2
2.199714E0	-1.641844E1	-2.788038E2	2.239380E1	-4.896861E2
2.216378E0	-1.554361E1	-2.788242E2	2.106743E1	-4.902296E2
2.233043E0	-1.404233E1	-2.787471E2	1.898285E1	-4.909844E2
2.249707E0	-1.219520E1	-2.789436E2	1.564089E1	-4.921706E2
2.266372E0	-9.646407E0	-2.790369E2	1.222759E1	-4.929216E2
2.283036E0	-7.189925E0	-2.789941E2	7.853528E0	-4.940918E2
2.299701E0	-3.353006E0	-2.792242E2	2.634736E0	-4.951403E2
2.316365E0	-1.604062E-1	-2.791507E2	-2.667365E0	-4.953517E2
2.333030E0	3.279410E0	-2.792126E2	-7.864847E0	-4.954887E2
2.349694E0	6.503013E0	-2.791446E2	-1.213346E1	-4.954083E2
2.366359E0	9.025067E0	-2.789078E2	-1.683999E1	-4.948300E2
2.383023E0	1.178253E1	-2.787400E2	-2.111224E1	-4.941224E2
2.399688E0	1.403093E1	-2.788527E2	-2.480192E1	-4.930924E2
2.416352E0	1.619199E1	-2.785869E2	-2.744839E1	-4.921531E2
2.433017E0	1.740417E1	-2.785429E2	-2.917699E1	-4.914549E2
2.449681E0	1.836233E1	-2.784597E2	-3.058934E1	-4.909125E2
2.466346E0	1.838023E1	-2.784664E2	-3.057009E1	-4.909041E2
2.483010E0	1.809470E1	-2.785771E2	-2.941072E1	-4.912248E2
2.499675E0	1.708788E1	-2.785909E2	-2.743613E1	-4.916778E2
2.516339E0	1.561513E1	-2.785312E2	-2.475560E1	-4.924813E2
2.533004E0	1.337389E1	-2.785858E2	-2.108348E1	-4.928543E2
2.549668E0	1.100775E1	-2.788987E2	-1.715962E1	-4.938064E2
2.566333E0	8.913404E0	-2.790796E2	-1.259729E1	-4.944201E2
2.582997E0	6.135040E0	-2.792504E2	-7.633973E0	-4.952229E2
2.599662E0	2.998448E0	-2.793170E2	-1.352954E0	-4.954313E2
2.616326E0	-1.026452E-2	-2.793486E2	3.399045E0	-4.952790E2
2.632991E0	-3.006579E0	-2.793734E2	8.804044E0	-4.950365E2
2.649655E0	-5.772335E0	-2.793269E2	1.346300E1	-4.947229E2
2.666320E0	-8.765998E0	-2.791566E2	1.726467E1	-4.936517E2
2.682984E0	-1.082749E1	-2.791053E2	2.105445E1	-4.929894E2
2.699649E0	-1.241905E1	-2.789332E2	2.344484E1	-4.918122E2
2.716313E0	-1.342086E1	-2.789417E2	2.498740E1	-4.912579E2
2.732978E0	-1.390021E1	-2.790413E2	2.582967E1	-4.909671E2
2.749642E0	-1.390021E1	-2.790413E2	2.585849E1	-4.909899E2
2.766307E0	-1.339056E1	-2.789346E2	2.498692E1	-4.915797E2
2.782971E0	-1.215916E1	-2.788816E2	2.314134E1	-4.924622E2
2.799636E0	-1.064313E1	-2.789899E2	2.044689E1	-4.935420E2
2.816300E0	-8.486091E0	-2.789445E2	1.618640E1	-4.940664E2
2.832965E0	-5.716272E0	-2.793494E2	1.179610E1	-4.957551E2
2.849629E0	-3.233850E0	-2.792360E2	6.677238E0	-4.964948E2
2.866294E0	-4.655687E-1	-2.792656E2	1.241253E0	-4.966688E2
2.882958E0	2.563976E0	-2.792568E2	-3.946387E0	-4.967273E2
2.899623E0	5.421457E0	-2.792345E2	-9.475477E0	-4.952063E2
2.916287E0	7.564452E0	-2.788740E2	-1.491526E1	-4.947226E2
2.932952E0	1.009018E1	-2.789176E2	-1.917228E1	-4.935871E2
2.949616E0	1.234290E1	-2.787913E2	-2.297135E1	-4.926702E2
2.966281E0	1.410477E1	-2.788082E2	-2.670346E1	-4.915530E2
2.982945E0	1.550332E1	-2.785281E2	-2.866459E1	-4.913675E2
2.999610E0	1.627460E1	-2.785695E2	-3.062895E1	-4.910983E2
3.016274E0	1.626740E1	-2.785663E2	-3.117897E1	-4.910475E2
3.032939E0	1.601170E1	-2.786032E2	-3.117674E1	-4.910922E2
3.049603E0	1.501782E1	-2.786095E2	-3.024535E1	-4.915557E2
3.066268E0	1.380397E1	-2.785133E2	-2.793859E1	-4.922029E2
3.082932E0	1.189865E1	-2.787252E2	-2.539707E1	-4.929975E2
3.099597E0	9.669774E0	-2.787792E2	-2.225572E1	-4.940006E2
3.116261E0	7.374269E0	-2.791743E2	-1.767448E1	-4.949265E2
3.132926E0	4.615885E0	-2.791641E2	-1.306890E1	-4.956933E2
3.149590E0	1.939666E0	-2.791331E2	-8.826924E0	-4.956200E2
3.166255E0	-1.287917E0	-2.792082E2	-3.808029E0	-4.958682E2
3.182919E0	-4.111673E0	-2.791472E2	1.217811E0	-4.959931E2
3.199584E0	-6.868398E0	-2.792881E2	5.843036E0	-4.947317E2
3.216248E0	-9.545470E0	-2.789238E2	9.595220E0	-4.934937E2
3.232913E0	-1.165689E1	-2.788516E2	1.315839E1	-4.923682E2
3.249577E0	-1.315669E1	-2.787631E2	1.585713E1	-4.914057E2
3.266242E0	-1.437054E1	-2.788152E2	1.868886E1	-4.921607E2
3.282906E0	-1.485755E1	-2.789125E2	1.921581E1	-4.906605E2
3.299571E0	-1.494969E1	-2.788958E2	1.960044E1	-4.898759E2
3.316235E0	-1.448199E1	-2.788059E2	1.913802E1	-4.900159E2
3.332900E0	-1.347930E1	-2.787976E2	1.783834E1	-4.904426E2
3.349564E0	-1.197943E1	-2.788784E2	1.605849E1	-4.915761E2
3.366229E0	-1.020429E1	-2.789285E2	1.324633E1	-4.920751E2
3.382893E0	-7.951940E0	-2.790636E2	9.143621E0	-4.935583E2
3.399558E0	-5.486511E0	-2.790726E2	5.477046E0	-4.946194E2
3.416222E0	-2.713299E0	-2.790994E2	4.004812E-1	-4.946639E2
3.432887E0	3.574743E-1	-2.790437E2	-4.612577E0	-4.953033E2
3.449551E0	4.037262E0	-2.792693E2	-8.927569E0	-4.954051E2
3.466216E0	6.266623E0	-2.790244E2	-1.318061E1	-4.951077E2
3.482880E0	9.669334E0	-2.790395E2	-1.712168E1	-4.949551E2
3.499545E0	1.127321E1	-2.789787E2	-2.110693E1	-4.936361E2
3.516209E0	1.317246E1	-2.787394E2	-2.388892E1	-4.927125E2
3.532874E0	1.491805E1	-2.786052E2	-2.611929E1	-4.922421E2
3.549538E0	1.588407E1	-2.784760E2	-2.711159E1	-4.919938E2
3.566203E0	1.639973E1	-2.785657E2	-2.730394E1	-4.918697E2
3.582867E0	1.639973E1	-2.785657E2	-2.726406E1	-4.919404E2
3.599532E0	1.588940E1	-2.784774E2	-2.623757E1	-4.919082E2
3.616196E0	1.513925E1	-2.786263E2	-2.464884E1	-4.918313E2
3.632861E0	1.345508E1	-2.787767E2	-2.121043E1	-4.934394E2
3.649525E0	1.167153E1	-2.787439E2	-1.790186E1	-4.933292E2
3.666190E0	9.330515E0	-2.787857E2	-1.425848E1	-4.939795E2
3.682854E0	7.404549E0	-2.791695E2	-9.574896E0	-4.947386E2
3.699519E0	4.627753E0	-2.793236E2	-5.229652E0	-4.954361E2
3.716183E0	2.031866E0	-2.794500E2	-5.757307E-1	-4.953093E2
3.732848E0	-5.509598E-1	-2.792068E2	4.824205E0	-4.954434E2
3.749512E0	-3.322889E0	-2.791797E2	9.122879E0	-4.947691E2
3.766177E0	-5.550215E0	-2.792522E2	1.286281E1	-4.933366E2
3.782841E0	-8.324524E0	-2.790089E2	1.616445E1	-4.923071E2
3.799506E0	-9.878814E0	-2.789339E2	1.915814E1	-4.922247E2
3.816170E0	-1.130640E1	-2.788754E2	2.114283E1	-4.918481E2
3.832835E0	-1.205424E1	-2.787696E2	2.237224E1	-4.914614E2
3.849499E0	-1.229129E1	-2.788172E2	2.294003E1	-4.913621E2
3.866164E0	-1.205740E1	-2.787691E2	2.256943E1	-4.918237E2
3.882828E0	-1.129321E1	-2.788116E2	2.100723E1	-4.919575E2
3.899493E0	-1.062375E1	-2.790878E2	1.886887E1	-4.927695E2
3.916157E0	-8.855129E0	-2.791363E2	1.564184E1	-4.933108E2
3.932822E0	-7.117890E0	-2.789361E2	1.244373E1	-4.939406E2
3.949486E0	-4.197090E0	-2.793074E2	8.425786E0	-4.947764E2
3.966151E0	-2.475680E0	-2.789846E2	3.683278E0	-4.955212E2
3.982815E0	7.710237E-1	-2.792912E2	-1.068265E0	-4.953767E2
3.999480E0	3.492261E0	-2.792008E2	-6.249743E0	-4.946160E2
4.016144E0	5.962300E0	-2.790762E2	-1.084400E1	-4.948201E2
4.032809E0	8.472831E0	-2.791499E2	-1.508984E1	-4.941476E2
4.049473E0	9.785951E0	-2.787700E2	-1.915704E1	-4.929505E2
4.066138E0	1.156644E1	-2.787965E2	-2.251809E1	-4.927208E2
4.082802E0	1.305873E1	-2.787144E2	-2.496152E1	-4.916021E2
4.099467E0	1.425930E1	-2.786714E2	-2.708775E1	-4.935922E2
4.116131E0	1.447446E1	-2.786364E2	-2.806001E1	-4.935800E2
4.132796E0	1.447478E1	-2.786368E2	-2.883028E1	-4.907124E2
4.149460E0	1.396795E1	-2.785330E2	-2.807974E1	-4.937432E2
4.166125E0	1.273219E1	-2.785803E2	-2.681288E1	-4.940415E2
4.182789E0	1.138052E1	-2.788867E2	-2.469472E1	-4.947460E2
4.199454E0	9.851583E0	-2.788015E2	-2.191921E1	-4.949137E2
4.216118E0	7.393321E0	-2.789230E2	-1.838548E1	-4.952867E2
4.232783E0	5.180586E0	-2.789856E2	-1.462851E1	-4.956974E2
4.249447E0	2.670959E0	-2.789301E2	-1.067853E1	-4.954552E2
4.266112E0	4.011600E-1	-2.793242E2	-6.716962E0	-4.953735E2
4.282776E0	-2.551431E0	-2.789964E2	-1.616049E0	-4.949059E2
4.299441E0	-4.643129E0	-2.792703E2	1.844208E0	-4.948155E2
4.316105E0	-7.602250E0	-2.789971E2	5.517090E0	-4.941418E2
4.332770E0	-9.620506E0	-2.790194E2	9.001302E0	-4.936553E2
4.349434E0	-1.112280E1	-2.788655E2	1.200621E1	-4.929399E2
4.366099E0	-1.247183E1	-2.788419E2	1.412130E1	-4.921956E2
4.382763E0	-1.324431E1	-2.788122E2	1.558099E1	-4.920264E2
4.399428E0	-1.339477E1	-2.788161E2	1.631672E1	-4.916529E2
4.416092E0	-1.311993E1	-2.787735E2	1.629882E1	-4.915835E2
4.432757E0	-1.261278E1	-2.788698E2	1.537037E1	-4.920007E2
4.449421E0	-1.139803E1	-2.788231E2	1.398555E1	-4.923524E2
4.466086E0	-9.861768E0	-2.789110E2	1.181954E1	-4.932860E2
4.482750E0	-7.380543E0	-2.792961E2	9.276747E0	-4.940589E2
4.499415E0	-5.152430E0	-2.792581E2	5.443055E0	-4.948158E2
4.516079E0	-2.640603E0	-2.793315E2	1.749983E0	-4.952494E2
4.532744E0	-1.616130E-1	-2.792240E2	-1.882718E0	-4.951736E2
4.549408E0	2.467364E0	-2.792440E2	-5.746191E0	-4.953320E2
4.566073E0	4.955817E0	-2.791302E2	-9.897913E0	-4.953405E2
4.582737E0	7.462265E0	-2.791972E2	-1.387545E1	-4.949834E2
4.599402E0	9.186833E0	-2.789079E2	-1.723294E1	-4.943037E2
4.616066E0	1.117432E1	-2.788910E2	-2.006493E1	-4.942985E2
4.632731E0	1.265647E1	-2.787791E2	-2.226220E1	-4.936494E2
4.649395E0	1.408830E1	-2.787084E2	-2.364162E1	-4.933989E2
4.666060E0	1.459518E1	-2.786118E2	-2.421492E1	-4.931292E2
4.682724E0	1.478429E1	-2.785644E2	-2.421492E1	-4.931292E2
4.699389E0	1.457247E1	-2.786109E2	-2.357540E1	-4.932557E2
4.716053E0	1.410345E1	-2.787066E2	-2.202343E1	-4.938865E2
4.732718E0	1.311479E1	-2.787133E2	-2.006045E1	-4.943129E2
4.749382E0	1.133982E1	-2.786829E2	-1.716357E1	-4.947377E2
4.766047E0	9.401245E0	-2.789006E2	-1.357275E1	-4.949927E2
4.782711E0	7.038238E0	-2.790396E2	-1.043760E1	-4.955117E2
4.799376E0	5.135013E0	-2.790135E2	-6.650431E0	-4.950020E2
4.816040E0	3.251457E0	-2.792845E2	-1.814745E0	-4.950936E2
4.832705E0	7.314471E-1	-2.792026E2	2.358792E0	-4.950531E2
4.849369E0	-1.748851E0	-2.793288E2	6.039983E0	-4.945437E2
4.866034E0	-3.706611E0	-2.792757E2	9.692910E0	-4.941015E2
4.882698E0	-5.626040E0	-2.792748E2	1.327018E1	-4.933275E2
4.899363E0	-7.399430E0	-2.792119E2	1.639290E1	-4.924867E2
4.916027E0	-9.281963E0	-2.788946E2	1.825275E1	-4.913228E2
4.932692E0	-1.017252E1	-2.789173E2	1.943287E1	-4.915974E2
4.949356E0	-1.064795E1	-2.790080E2	2.013284E1	-4.912234E2
4.966021E0	-1.064493E1	-2.790128E2	1.995322E1	-4.913655E2
4.982685E0	-1.016349E1	-2.789179E2	1.887468E1	-4.913702E2
4.999350E0	-9.397720E0	-2.789519E2	1.724044E1	-4.921103E2
5.016014E0	-7.502876E0	-2.792721E2	1.486912E1	-4.923261E2
5.032679E0	-6.537611E0	-2.790893E2	1.144655E1	-4.931230E2
5.049343E0	-4.063018E0	-2.791635E2	8.320200E0	-4.937462E2
5.066008E0	-1.831354E0	-2.792855E2	4.562035E0	-4.943281E2
5.082672E0	2.702513E-1	-2.792878E2	3.674841E-1	-4.946301E2
5.099337E0	2.619784E0	-2.790913E2	-3.965397E0	-4.945682E2
5.116001E0	4.292969E0	-2.790309E2	-7.858244E0	-4.947231E2
5.132666E0	6.285019E0	-2.790360E2	-1.261412E1	-4.948956E2
5.149330E0	8.274756E0	-2.790255E2	-1.654867E1	-4.948205E2
5.165995E0	1.034632E1	-2.790949E2	-1.978097E1	-4.943725E2
5.182659E0	1.116581E1	-2.787781E2	-2.241256E1	-4.936547E2
5.199324E0	1.238508E1	-2.787331E2	-2.386990E1	-4.931479E2
5.215988E0	1.260931E1	-2.786948E2	-2.494112E1	-4.926765E2
5.232653E0	1.284420E1	-2.786555E2	-2.570964E1	-4.923866E2
5.249317E0	1.260451E1	-2.786930E2	-2.542808E1	-4.926686E2
5.265982E0	1.184260E1	-2.786635E2	-2.474795E1	-4.925883E2
5.282646E0	1.036382E1	-2.787652E2	-2.304708E1	-4.933279E2
5.299311E0	9.073689E0	-2.789688E2	-2.089082E1	-4.936371E2
5.315975E0	7.298344E0	-2.789588E2	-1.875177E1	-4.937179E2
5.332640E0	5.328760E0	-2.789738E2	-1.544138E1	-4.944824E2
5.349304E0	2.800553E0	-2.789055E2	-1.182091E1	-4.945483E2
5.365969E0	5.323526E-1	-2.789719E2	-8.141570E0	-4.943749E2
5.382633E0	-1.921295E0	-2.790687E2	-4.399970E0	-4.942419E2
5.399298E0	-3.916125E0	-2.790861E2	2.927530E-2	-4.938926E2
5.415962E0	-5.919612E0	-2.791006E2	3.732493E0	-4.937708E2
5.432627E0	-7.687290E0	-2.790452E2	6.560255E0	-4.931384E2
5.449291E0	-9.211325E0	-2.789479E2	9.293784E0	-4.923373E2
5.465956E0	-1.053183E1	-2.789070E2	1.129117E1	-4.918234E2
5.482620E0	-1.130618E1	-2.788746E2	1.340857E1	-4.925919E2
5.499285E0	-1.161850E1	-2.789213E2	1.398756E1	-4.922760E2
5.515949E0	-1.161868E1	-2.789215E2	1.472778E1	-4.931366E2
5.532614E0	-1.129538E1	-2.789340E2	1.404909E1	-4.925223E2
5.549278E0	-1.027732E1	-2.788755E2	1.305852E1	-4.937623E2
5.565943E0	-9.027087E0	-2.788275E2	1.112130E1	-4.929936E2
5.582607E0	-7.530156E0	-2.788958E2	8.934407E0	-4.947012E2
5.599272E0	-4.807718E0	-2.792985E2	6.091660E0	-4.950895E2
5.615936E0	-3.667923E0	-2.791343E2	2.827820E0	-4.958395E2
5.632601E0	-8.324235E-1	-2.792718E2	-1.004831E0	-4.946395E2
5.649265E0	1.587524E0	-2.791102E2	-4.319197E0	-4.943604E2
5.665930E0	3.492477E0	-2.790114E2	-8.081557E0	-4.945191E2
5.682594E0	6.321914E0	-2.791409E2	-1.173269E1	-4.943825E2
5.699259E0	7.630186E0	-2.787656E2	-1.455379E1	-4.938314E2
5.715923E0	9.410964E0	-2.787930E2	-1.688702E1	-4.948671E2
5.732588E0	1.090370E1	-2.786996E2	-1.907378E1	-4.945790E2
5.749252E0	1.189818E1	-2.786901E2	-2.066317E1	-4.939712E2
5.765917E0	1.267346E1	-2.787137E2	-2.133399E1	-4.941514E2
5.782581E0	1.320624E1	-2.787978E2	-2.155055E1	-4.940320E2
5.799246E0	1.321551E1	-2.787965E2	-2.111069E1	-4.942259E2
5.815910E0	1.242303E1	-2.787599E2	-2.003580E1	-4.943825E2
5.832575E0	1.166717E1	-2.787331E2	-1.859598E1	-4.947993E2
5.849239E0	1.044300E1	-2.787839E2	-1.595731E1	-4.953242E2
5.865904E0	9.178959E0	-2.788699E2	-1.324453E1	-4.959064E2
5.882568E0	7.388965E0	-2.788460E2	-1.003718E1	-4.962953E2
5.899233E0	5.805542E0	-2.791216E2	-6.593023E0	-4.967159E2
5.915897E0	3.580363E0	-2.791767E2	-2.835478E0	-4.968501E2
5.932562E0	1.367004E0	-2.792341E2	1.289639E0	-4.967536E2
5.949226E0	-8.848740E-1	-2.792956E2	4.153615E0	-4.953045E2
5.965891E0	-2.585213E0	-2.792491E2	7.526014E0	-4.950149E2
5.982555E0	-4.357690E0	-2.792177E2	1.107435E1	-4.965683E2
5.999220E0	-5.598114E0	-2.792424E2	1.306665E1	-4.947672E2
6.015884E0	-6.820000E0	-2.792903E2	1.503637E1	-4.945323E2
6.032549E0	-7.597830E0	-2.792561E2	1.666009E1	-4.941378E2
6.049213E0	-8.288234E0	-2.792220E2	1.708452E1	-4.938614E2
6.065878E0	-8.288234E0	-2.792220E2	1.701470E1	-4.927924E2
6.082542E0	-8.266740E0	-2.792235E2	1.655062E1	-4.928376E2
6.099207E0	-7.473268E0	-2.792568E2	1.529270E1	-4.929944E2
6.115871E0	-6.683301E0	-2.793099E2	1.334319E1	-4.932221E2
6.132536E0	-5.453843E0	-2.792637E2	1.091181E1	-4.937861E2
6.149200E0	-3.952828E0	-2.793339E2	7.603843E0	-4.945095E2
6.165865E0	-2.234713E0	-2.791925E2	4.531511E0	-4.951176E2
6.182529E0	-2.536019E-1	-2.791779E2	1.231714E0	-4.952956E2
6.199194E0	1.760664E0	-2.790927E2	-2.720395E0	-4.953993E2
6.215858E0	3.756272E0	-2.790761E2	-6.484999E0	-4.953758E2
6.232523E0	5.523613E0	-2.791231E2	-1.000475E1	-4.953145E2
6.249187E0	7.282039E0	-2.791270E2	-1.377100E1	-4.948092E2
6.265852E0	8.780805E0	-2.790373E2	-1.642317E1	-4.943254E2
6.282516E0	9.486633E0	-2.790025E2	-1.862895E1	-4.939665E2
6.299181E0	1.031173E1	-2.787999E2	-2.102836E1	-4.933451E2
6.315845E0	1.078389E1	-2.787175E2	-2.270916E1	-4.930728E2
6.332510E0	1.110646E1	-2.787980E2	-2.298873E1	-4.931014E2
6.349174E0	1.083744E1	-2.786875E2	-2.293327E1	-4.929381E2
6.365839E0	1.036585E1	-2.787674E2	-2.254468E1	-4.934638E2
6.382503E0	9.304173E0	-2.789552E2	-2.109583E1	-4.939947E2
6.399168E0	8.055981E0	-2.790111E2	-1.940912E1	-4.942001E2
6.415832E0	6.538724E0	-2.789367E2	-1.719306E1	-4.947002E2
6.432497E0	5.041877E0	-2.790383E2	-1.469484E1	-4.944932E2
6.449161E0	3.628750E0	-2.791831E2	-1.105548E1	-4.947968E2
6.465826E0	1.621847E0	-2.792017E2	-8.267592E0	-4.950131E2
6.482490E0	-3.927288E-1	-2.792227E2	-4.823689E0	-4.958126E2
6.499155E0	-2.353010E0	-2.792373E2	-1.081153E0	-4.960772E2
6.515819E0	-4.366904E0	-2.792416E2	1.420151E0	-4.953542E2
6.532484E0	-5.861689E0	-2.793463E2	4.829173E0	-4.954230E2
6.549148E0	-7.842550E0	-2.791690E2	7.180892E0	-4.952216E2
6.565813E0	-8.836649E0	-2.791468E2	8.971238E0	-4.948556E2
6.582477E0	-9.488129E0	-2.788867E2	1.045487E1	-4.938030E2
6.599142E0	-9.564230E0	-2.792309E2	1.173781E1	-4.942137E2
6.615806E0	-1.021038E1	-2.788696E2	1.208993E1	-4.940127E2
6.632471E0	-9.706312E0	-2.789380E2	1.186735E1	-4.944460E2
6.649135E0	-8.499914E0	-2.792104E2	1.117210E1	-4.945481E2
6.665800E0	-7.499931E0	-2.792030E2	9.386019E0	-4.940588E2
6.682464E0	-6.820929E0	-2.791483E2	8.132002E0	-4.947328E2
6.699129E0	-4.789022E0	-2.793921E2	5.302001E0	-4.949124E2
6.715793E0	-3.434834E0	-2.790014E2	3.019429E0	-4.954151E2
6.732458E0	-1.644745E0	-2.790252E2	-4.331151E-1	-4.955658E2
6.749122E0	9.145807E-1	-2.792529E2	-2.982901E0	-4.954472E2
6.765787E0	2.880718E0	-2.791314E2	-6.049562E0	-4.957181E2
6.782451E0	4.779144E0	-2.791264E2	-8.803968E0	-4.955163E2
6.799116E0	6.558038E0	-2.791432E2	-1.118893E1	-4.959187E2
6.815780E0	7.905116E0	-2.787993E2	-1.383574E1	-4.946178E2
6.832445E0	9.167669E0	-2.789170E2	-1.599518E1	-4.944786E2
6.849109E0	1.039187E1	-2.788632E2	-1.743787E1	-4.947360E2
6.865774E0	1.116324E1	-2.789060E2	-1.820226E1	-4.942587E2
6.882438E0	1.138751E1	-2.788593E2	-1.857691E1	-4.938056E2
6.899103E0	1.138751E1	-2.788593E2	-1.816955E1	-4.942171E2
6.915767E0	1.127471E1	-2.788735E2	-1.729657E1	-4.944498E2
6.932432E0	1.049783E1	-2.788389E2	-1.629520E1	-4.942204E2
6.949096E0	9.493963E0	-2.788472E2	-1.475494E1	-4.942007E2
6.965761E0	8.282786E0	-2.788987E2	-1.218622E1	-4.950673E2
6.982425E0	6.710398E0	-2.788925E2	-9.828575E0	-4.949383E2
6.999090E0	4.943186E0	-2.788456E2	-6.869444E0	-4.950260E2
7.015754E0	3.942047E0	-2.790931E2	-3.709895E0	-4.951000E2
7.032419E0	2.244802E0	-2.792687E2	-1.452984E-1	-4.952109E2
7.049083E0	4.671330E-1	-2.792375E2	2.788574E0	-4.952196E2
7.065748E0	-1.536752E0	-2.792529E2	5.828332E0	-4.951037E2
7.082412E0	-2.748175E0	-2.793147E2	8.337520E0	-4.946419E2
7.099077E0	-4.261120E0	-2.792212E2	1.053953E1	-4.944492E2
7.115741E0	-5.254852E0	-2.792304E2	1.237380E1	-4.941118E2
7.132406E0	-6.260721E0	-2.792373E2	1.369673E1	-4.940448E2
7.149070E0	-6.763000E0	-2.793170E2	1.432257E1	-4.937635E2
7.165735E0	-6.760273E0	-2.793172E2	1.467364E1	-4.938071E2
7.182399E0	-6.758188E0	-2.793190E2	1.415474E1	-4.937547E2
7.199064E0	-6.277006E0	-2.792120E2	1.302189E1	-4.940453E2
7.215728E0	-5.489724E0	-2.792564E2	1.141538E1	-4.941795E2
7.232393E0	-4.724422E0	-2.793195E2	9.808561E0	-4.944804E2
7.249057E0	-3.548752E0	-2.793188E2	7.238369E0	-4.947488E2
7.265722E0	-2.069559E0	-2.792228E2	4.377910E0	-4.949023E2
7.282386E0	-5.578443E-1	-2.792741E2	8.806665E-1	-4.950464E2
7.299051E0	1.331482E0	-2.793093E2	-2.148522E0	-4.956930E2
7.315715E0	2.826527E0	-2.792203E2	-5.371649E0	-4.955978E2
7.332380E0	4.497149E0	-2.792502E2	-8.697943E0	-4.956640E2
7.349044E0	6.016708E0	-2.793106E2	-1.131118E1	-4.954257E2
7.365709E0	6.701130E0	-2.788578E2	-1.424415E1	-4.951537E2
7.382373E0	7.683467E0	-2.788635E2	-1.612289E1	-4.948444E2
7.399038E0	8.448757E0	-2.788970E2	-1.792786E1	-4.945503E2
7.415702E0	8.959350E0	-2.788088E2	-1.924365E1	-4.942888E2
7.432367E0	9.196027E0	-2.789402E2	-1.982020E1	-4.942499E2
7.449031E0	9.182515E0	-2.789400E2	-2.011065E1	-4.942275E2
7.465696E0	8.795911E0	-2.788450E2	-1.982938E1	-4.944123E2
7.482360E0	8.039809E0	-2.790110E2	-1.892670E1	-4.946143E2
7.499025E0	7.849123E0	-2.791523E2	-1.779027E1	-4.948207E2
7.515689E0	6.631107E0	-2.791738E2	-1.615335E1	-4.949707E2
7.532354E0	5.153553E0	-2.792723E2	-1.377940E1	-4.952852E2
7.549018E0	3.536886E0	-2.791310E2	-1.113480E1	-4.954908E2
7.565683E0	1.433489E0	-2.790571E2	-8.634072E0	-4.958588E2
7.582347E0	2.284324E-1	-2.792727E2	-5.689622E0	-4.960498E2
7.599012E0	-1.547667E0	-2.792460E2	-2.774238E0	-4.955436E2
7.615676E0	-3.019336E0	-2.793406E2	-1.280141E-1	-4.956463E2
7.632341E0	-4.533336E0	-2.792717E2	2.364605E0	-4.951761E2
7.649005E0	-5.782884E0	-2.793209E2	4.623579E0	-4.951922E2
7.665670E0	-6.565379E0	-2.792928E2	6.312570E0	-4.944463E2
7.682334E0	-7.346614E0	-2.792257E2	7.792593E0	-4.941239E2
7.698999E0	-7.737727E0	-2.793078E2	8.608703E0	-4.943202E2
7.715663E0	-7.933249E0	-2.793397E2	8.848354E0	-4.943104E2
7.732328E0	-8.166957E0	-2.788784E2	8.848354E0	-4.943104E2
7.748992E0	-7.669383E0	-2.791507E2	8.388901E0	-4.942010E2
7.765657E0	-6.300560E0	-2.791843E2	7.448145E0	-4.944966E2
7.782321E0	-5.331530E0	-2.791679E2	5.687607E0	-4.947098E2
7.798986E0	-4.096569E0	-2.791410E2	4.032260E0	-4.952247E2
7.815650E0	-2.325725E0	-2.791654E2	1.896877E0	-4.953174E2
7.832315E0	-8.942598E-1	-2.793361E2	-6.979052E-1	-4.953125E2
7.848979E0	6.650478E-1	-2.792502E2	-2.867838E0	-4.954791E2
7.865644E0	2.321824E0	-2.792991E2	-5.286391E0	-4.953965E2
7.882308E0	4.096896E0	-2.793206E2	-7.847525E0	-4.955851E2
7.898973E0	5.554613E0	-2.792446E2	-1.008299E1	-4.955274E2
7.915637E0	7.062979E0	-2.793079E2	-1.256253E1	-4.952891E2
7.932302E0	7.830654E0	-2.788454E2	-1.414272E1	-4.952328E2
7.948966E0	8.835026E0	-2.788355E2	-1.533981E1	-4.947096E2
7.965631E0	9.607203E0	-2.788702E2	-1.597041E1	-4.945705E2
7.982295E0	9.853978E0	-2.788203E2	-1.656108E1	-4.948212E2
7.998960E0	9.857343E0	-2.788204E2	-1.656508E1	-4.947142E2
8.015624E0	9.611132E0	-2.788592E2	-1.512704E1	-4.947496E2
8.032289E0	9.133666E0	-2.789710E2	-1.457772E1	-4.947344E2
8.048953E0	8.360699E0	-2.789253E2	-1.236351E1	-4.952189E2
8.065618E0	7.365031E0	-2.789363E2	-1.072006E1	-4.953236E2
8.082282E0	6.556665E0	-2.792301E2	-8.645947E0	-4.949030E2
8.098947E0	5.382855E0	-2.791614E2	-6.094183E0	-4.950839E2
8.115611E0	3.896539E0	-2.790798E2	-3.460030E0	-4.954954E2
8.132276E0	2.383016E0	-2.791874E2	-9.883276E-1	-4.954375E2
8.148940E0	8.714103E-1	-2.791300E2	2.166046E0	-4.952058E2
8.165605E0	-6.196832E-1	-2.792453E2	4.637124E0	-4.948272E2
8.182269E0	-2.103285E0	-2.791410E2	6.888609E0	-4.946104E2
8.198934E0	-2.865004E0	-2.793038E2	8.480762E0	-4.943850E2
8.215598E0	-3.911230E0	-2.793576E2	1.059505E1	-4.943088E2
8.232263E0	-4.549978E0	-2.792808E2	1.114274E1	-4.942365E2
8.248927E0	-5.008765E0	-2.794119E2	1.195297E1	-4.941182E2
8.265592E0	-5.542677E0	-2.793229E2	1.198899E1	-4.941206E2
8.282256E0	-5.542677E0	-2.793229E2	1.130687E1	-4.937413E2
8.298921E0	-5.436450E0	-2.790955E2	1.030665E1	-4.942589E2
8.315585E0	-4.403949E0	-2.791827E2	9.234953E0	-4.946374E2
8.332250E0	-3.624762E0	-2.792158E2	7.491754E0	-4.949107E2
8.348914E0	-2.614916E0	-2.792174E2	5.099657E0	-4.953363E2
8.365579E0	-1.527748E0	-2.794093E2	2.861069E0	-4.956654E2
8.382243E0	-1.785875E-1	-2.792984E2	3.577821E-1	-4.956893E2
8.398908E0	1.187912E0	-2.793837E2	-2.195491E0	-4.958936E2
8.415572E0	2.531037E0	-2.793163E2	-4.845489E0	-4.959106E2
8.432237E0	3.749755E0	-2.792766E2	-7.326792E0	-4.958044E2
8.448901E0	4.989882E0	-2.793696E2	-1.016668E1	-4.955530E2
8.465566E0	6.231632E0	-2.793280E2	-1.215936E1	-4.953539E2
8.482230E0	6.540566E0	-2.789809E2	-1.398010E1	-4.954135E2
8.498895E0	7.361173E0	-2.789804E2	-1.570394E1	-4.951068E2
8.515559E0	7.589850E0	-2.789221E2	-1.693396E1	-4.949957E2
8.532224E0	7.806102E0	-2.789024E2	-1.777360E1	-4.947338E2
8.548888E0	7.711759E0	-2.789060E2	-1.776660E1	-4.946874E2
8.565553E0	7.491988E0	-2.789459E2	-1.776660E1	-4.946874E2
8.582217E0	7.153939E0	-2.793085E2	-1.694547E1	-4.949621E2
8.598882E0	6.388255E0	-2.792813E2	-1.572274E1	-4.950007E2
8.615546E0	5.332166E0	-2.792650E2	-1.451732E1	-4.951359E2
8.632211E0	4.198164E0	-2.793174E2	-1.277441E1	-4.954001E2
8.648875E0	3.149126E0	-2.793341E2	-1.076785E1	-4.954228E2
8.665540E0	1.747836E0	-2.792580E2	-8.594154E0	-4.956176E2
8.682204E0	1.954573E-1	-2.793607E2	-6.003632E0	-4.957751E2
8.698869E0	-1.316347E0	-2.792967E2	-3.690804E0	-4.959013E2
8.715533E0	-2.537920E0	-2.793477E2	-1.494538E0	-4.957040E2
8.732198E0	-3.536705E0	-2.793563E2	8.819003E-1	-4.954592E2
8.748862E0	-4.547982E0	-2.793650E2	2.269978E0	-4.952808E2
8.765527E0	-5.535814E0	-2.793455E2	4.074295E0	-4.949952E2
8.782191E0	-6.047901E0	-2.792700E2	5.261272E0	-4.946508E2
8.798856E0	-6.734428E0	-2.790556E2	6.093317E0	-4.945704E2
8.815520E0	-6.397545E0	-2.791713E2	6.381948E0	-4.947327E2
8.832185E0	-6.774151E0	-2.791267E2	6.403527E0	-4.948600E2
8.848849E0	-6.307418E0	-2.790221E2	5.906685E0	-4.949398E2
8.865514E0	-5.527444E0	-2.790549E2	5.253491E0	-4.948567E2
8.882178E0	-4.168006E0	-2.792939E2	3.853475E0	-4.950671E2
8.898843E0	-2.913463E0	-2.794017E2	1.985074E0	-4.950353E2
8.915507E0	-1.679964E0	-2.793560E2	5.618788E-1	-4.952362E2
8.932172E0	-4.503712E-1	-2.793128E2	-1.295416E0	-4.952583E2
8.948836E0	7.783805E-1	-2.792654E2	-3.504016E0	-4.954151E2
8.965501E0	2.203554E0	-2.793180E2	-5.415424E0	-4.953667E2
8.982165E0	3.682468E0	-2.792248E2	-7.509641E0	-4.951315E2
8.998830E0	4.911818E0	-2.791786E2	-9.147181E0	-4.951476E2
9.015494E0	5.933993E0	-2.791674E2	-1.089606E1	-4.952363E2
9.032159E0	7.088921E0	-2.792800E2	-1.191602E1	-4.953348E2
9.048823E0	7.844750E0	-2.791675E2	-1.289209E1	-4.952763E2
9.065488E0	8.367261E0	-2.792332E2	-1.349115E1	-4.949196E2
9.082152E0	8.125349E0	-2.789818E2	-1.349115E1	-4.949196E2
9.098817E0	8.217738E0	-2.789809E2	-1.320047E1	-4.946420E2
9.115481E0	7.971663E0	-2.788534E2	-1.289264E1	-4.946349E2
9.132146E0	8.125548E0	-2.792675E2	-1.209703E1	-4.948631E2
9.148810E0	7.368182E0	-2.792475E2	-1.082582E1	-4.949463E2
9.165475E0	6.592834E0	-2.792202E2	-9.010216E0	-4.951634E2
9.182139E0	5.577994E0	-2.792476E2	-7.112933E0	-4.951326E2
9.198804E0	4.388455E0	-2.792346E2	-5.385892E0	-4.951358E2
9.215468E0	3.138734E0	-2.792718E2	-3.372349E0	-4.951816E2
9.232133E0	1.891344E0	-2.791552E2	-1.335787E0	-4.952730E2
9.248797E0	7.419188E-1	-2.791940E2	5.892749E-1	-4.952879E2
9.265462E0	-2.706494E-1	-2.792069E2	2.857485E0	-4.951807E2
9.282126E0	-1.261919E0	-2.792473E2	4.378810E0	-4.949689E2
9.298791E0	-2.287954E0	-2.793303E2	6.183518E0	-4.944907E2
9.315455E0	-2.760788E0	-2.794179E2	7.376016E0	-4.945756E2
9.332120E0	-3.541456E0	-2.793879E2	8.305247E0	-4.946700E2
9.348784E0	-3.762595E0	-2.794252E2	9.103434E0	-4.947223E2
9.365449E0	-3.998489E0	-2.794690E2	9.103434E0	-4.947223E2
9.382113E0	-3.759380E0	-2.794277E2	8.540359E0	-4.944489E2
9.398778E0	-3.629755E0	-2.793976E2	7.632660E0	-4.941884E2
9.415442E0	-3.143205E0	-2.793136E2	6.600078E0	-4.943661E2
9.432107E0	-2.381094E0	-2.793438E2	5.282424E0	-4.946444E2
9.448771E0	-1.387443E0	-2.793377E2	3.433526E0	-4.949170E2
9.465436E0	-5.972883E-1	-2.793660E2	1.432623E0	-4.951863E2
9.482100E0	4.004895E-1	-2.793570E2	-5.199729E-1	-4.949287E2
9.498765E0	1.402557E0	-2.793505E2	-2.652502E0	-4.943882E2
9.515429E0	2.504893E0	-2.793233E2	-4.510254E0	-4.959767E2
9.532094E0	3.505013E0	-2.793142E2	-6.644660E0	-4.958562E2
9.548758E0	4.501132E0	-2.793058E2	-8.457346E0	-4.958617E2
9.565423E0	5.251848E0	-2.793619E2	-1.060674E1	-4.957782E2
9.582087E0	5.986775E0	-2.793887E2	-1.170669E1	-4.957228E2
9.598752E0	6.624050E0	-2.790938E2	-1.283383E1	-4.950182E2
9.615416E0	6.695829E0	-2.792950E2	-1.407414E1	-4.948734E2
9.632081E0	6.695829E0	-2.792950E2	-1.475789E1	-4.951013E2
9.648745E0	6.500576E0	-2.793048E2	-1.488899E1	-4.948935E2
9.665410E0	6.278073E0	-2.793404E2	-1.468063E1	-4.948172E2
9.682074E0	5.752262E0	-2.792793E2	-1.409540E1	-4.948301E2
9.698739E0	5.035289E0	-2.793923E2	-1.334514E1	-4.949813E2
9.715403E0	4.272922E0	-2.793642E2	-1.227601E1	-4.950667E2
9.732068E0	3.273974E0	-2.793645E2	-1.084647E1	-4.948933E2
9.748732E0	2.275181E0	-2.793726E2	-9.333889E0	-4.952000E2
9.765397E0	1.049718E0	-2.794247E2	-7.678044E0	-4.950043E2
9.782061E0	-1.672387E-1	-2.793143E2	-5.896510E0	-4.954839E2
9.798726E0	-1.395737E0	-2.793592E2	-4.245580E0	-4.954478E2
9.815390E0	-2.160609E0	-2.793321E2	-2.622337E0	-4.950808E2
9.832055E0	-3.063012E0	-2.793331E2	-7.930803E-1	-4.945902E2
9.848719E0	-3.669936E0	-2.793950E2	5.857704E-1	-4.947728E2
9.865384E0	-4.453209E0	-2.793614E2	1.833653E0	-4.942776E2
9.882048E0	-4.671212E0	-2.794174E2	2.801654E0	-4.945314E2
9.898713E0	-4.900419E0	-2.794623E2	3.117412E0	-4.946696E2
9.915377E0	-4.900419E0	-2.794623E2	3.169914E0	-4.946427E2
9.932042E0	-4.902157E0	-2.794494E2	2.958534E0	-4.948057E2
9.948706E0	-4.338642E0	-2.792278E2	2.806635E0	-4.947277E2
9.965371E0	-3.879949E0	-2.793606E2	2.239415E0	-4.947930E2
9.982035E0	-3.114014E0	-2.792388E2	1.310701E0	-4.947645E2
9.998700E0	-1.881366E0	-2.793509E2	5.439436E-1	-4.948472E2
