#multi: 3
	mass A		mass B		
t	x	y	x	y	
0.000000E0	-4.357088E1	-2.775251E2	6.986045E1	-4.587342E2
1.666667E-2	-3.512566E1	-2.771647E2	5.266069E1	-4.721090E2
3.333333E-2	-2.360084E1	-2.781676E2	3.271256E1	-4.869048E2
5.000000E-2	3.710377E-1	-2.797469E2	-9.550420E0	-4.979876E2
6.666667E-2	1.655545E1	-2.792735E2	-3.790340E1	-4.889084E2
8.333333E-2	2.949383E1	-2.777975E2	-5.889460E1	-4.782108E2
1.000000E-1	4.101842E1	-2.753863E2	-7.586408E1	-4.607165E2
1.166667E-1	4.315372E1	-2.749046E2	-7.811825E1	-4.567847E2
1.333333E-1	3.852462E1	-2.762131E2	-6.892411E1	-4.666881E2
1.500000E-1	2.980421E1	-2.776247E2	-5.350206E1	-4.814880E2
1.666667E-1	1.656729E1	-2.789794E2	-3.032369E1	-4.898986E2
1.833333E-1	-8.148018E0	-2.793671E2	1.222063E1	-4.936880E2
2.000000E-1	-2.247685E1	-2.787033E2	3.870547E1	-4.838491E2
2.166667E-1	-3.679529E1	-2.776342E2	6.627595E1	-4.658097E2
2.333333E-1	-4.012891E1	-2.772986E2	7.196503E1	-4.580738E2
2.500000E-1	-3.951621E1	-2.775220E2	7.412606E1	-4.565717E2
2.666667E-1	-3.018962E1	-2.783596E2	6.661711E1	-4.694832E2
2.833333E-1	-1.855224E1	-2.791475E2	4.968836E1	-4.829227E2
3.000000E-1	5.236390E0	-2.792231E2	1.099260E1	-4.947786E2
3.166667E-1	2.119788E1	-2.784158E2	-1.524527E1	-4.937865E2
3.333333E-1	3.447914E1	-2.769796E2	-3.872710E1	-4.815442E2
3.500000E-1	4.641220E1	-2.749935E2	-5.854339E1	-4.684771E2
3.666667E-1	4.811407E1	-2.745199E2	-6.317858E1	-4.654933E2
3.833333E-1	4.304600E1	-2.754529E2	-5.786000E1	-4.725133E2
4.000000E-1	3.288427E1	-2.770903E2	-4.534222E1	-4.832632E2
4.166667E-1	1.933854E1	-2.785919E2	-2.375200E1	-4.939517E2
4.333333E-1	-6.210632E0	-2.794272E2	1.290458E1	-4.968561E2
4.500000E-1	-2.195206E1	-2.789407E2	3.652257E1	-4.882036E2
4.666667E-1	-3.821823E1	-2.773897E2	5.986595E1	-4.718009E2
4.833333E-1	-4.318887E1	-2.767536E2	6.280683E1	-4.654912E2
5.000000E-1	-4.367461E1	-2.767723E2	6.210569E1	-4.656462E2
5.166667E-1	-3.549528E1	-2.779278E2	5.090546E1	-4.776727E2
5.333333E-1	-2.458050E1	-2.788291E2	3.093561E1	-4.900221E2
5.500000E-1	-2.081493E0	-2.794956E2	-9.347786E0	-4.993970E2
5.666667E-1	1.389053E1	-2.788718E2	-3.434573E1	-4.942882E2
5.833333E-1	2.731198E1	-2.776395E2	-5.735078E1	-4.814602E2
6.000000E-1	3.949361E1	-2.760627E2	-7.179169E1	-4.679129E2
6.166667E-1	4.253360E1	-2.755214E2	-7.326291E1	-4.652242E2
6.333333E-1	3.835252E1	-2.761741E2	-6.398285E1	-4.730613E2
6.500000E-1	3.035089E1	-2.773636E2	-4.998886E1	-4.836879E2
6.666667E-1	1.805198E1	-2.785740E2	-2.611271E1	-4.948695E2
6.833333E-1	-4.984371E0	-2.795602E2	1.665840E1	-4.981654E2
7.000000E-1	-1.887542E1	-2.791634E2	4.096119E1	-4.897691E2
7.166667E-1	-3.292865E1	-2.781230E2	6.651805E1	-4.719313E2
7.333333E-1	-3.689681E1	-2.777239E2	7.328310E1	-4.645126E2
7.500000E-1	-3.653995E1	-2.777046E2	7.473674E1	-4.646003E2
7.666667E-1	-2.784074E1	-2.786326E2	6.372460E1	-4.764633E2
7.833333E-1	-1.719455E1	-2.793382E2	4.659853E1	-4.887203E2
8.000000E-1	5.026177E0	-2.794516E2	6.782676E0	-4.988465E2
8.166667E-1	2.005135E1	-2.785255E2	-1.700726E1	-4.964840E2
8.333333E-1	3.267419E1	-2.771629E2	-3.927691E1	-4.863530E2
8.500000E-1	4.322671E1	-2.756122E2	-5.991132E1	-4.718196E2
8.666667E-1	4.497744E1	-2.751487E2	-6.402897E1	-4.686844E2
8.833333E-1	3.877746E1	-2.762671E2	-5.877117E1	-4.758202E2
9.000000E-1	2.897265E1	-2.775439E2	-4.881870E1	-4.847158E2
9.166667E-1	1.533184E1	-2.788420E2	-2.580349E1	-4.962752E2
9.333333E-1	-9.258275E0	-2.794156E2	7.337210E0	-4.981135E2
9.500000E-1	-2.369260E1	-2.789128E2	3.159833E1	-4.905620E2
9.666667E-1	-3.870839E1	-2.774520E2	5.573500E1	-4.744916E2
9.833333E-1	-4.275136E1	-2.769589E2	5.735695E1	-4.694033E2
1.000000E0	-4.238490E1	-2.769409E2	5.635964E1	-4.696881E2
1.016667E0	-3.313671E1	-2.780802E2	4.334077E1	-4.819691E2
1.033333E0	-2.185270E1	-2.790020E2	2.831211E1	-4.920221E2
1.050000E0	7.894738E-1	-2.795571E2	-1.254299E1	-4.985901E2
1.066667E0	1.656105E1	-2.787445E2	-3.408286E1	-4.933246E2
1.083333E0	2.907517E1	-2.774957E2	-5.176107E1	-4.839258E2
1.100000E0	4.022494E1	-2.759772E2	-6.821689E1	-4.691631E2
1.116667E0	4.225090E1	-2.756922E2	-6.693931E1	-4.689638E2
1.133333E0	3.771817E1	-2.763817E2	-5.828187E1	-4.761617E2
1.150000E0	2.885179E1	-2.776211E2	-3.877772E1	-4.884306E2
1.166667E0	1.627055E1	-2.788067E2	-1.649052E1	-4.969023E2
1.183333E0	-6.132207E0	-2.794823E2	2.295915E1	-4.970563E2
1.200000E0	-1.920316E1	-2.792635E2	4.769425E1	-4.876782E2
1.216667E0	-3.152041E1	-2.783432E2	7.199382E1	-4.703460E2
1.233333E0	-3.472706E1	-2.778546E2	7.369367E1	-4.665535E2
1.250000E0	-3.358378E1	-2.781121E2	7.161533E1	-4.682476E2
1.266667E0	-2.438771E1	-2.788166E2	5.541336E1	-4.812434E2
1.283333E0	-1.363770E1	-2.794261E2	4.017324E1	-4.917782E2
1.300000E0	7.892188E0	-2.793104E2	-1.615671E0	-4.994791E2
1.316667E0	2.160266E1	-2.783933E2	-2.633864E1	-4.945042E2
1.333333E0	3.251000E1	-2.771208E2	-4.598320E1	-4.845483E2
1.350000E0	4.041983E1	-2.760116E2	-6.516376E1	-4.711408E2
1.366667E0	4.054014E1	-2.759659E2	-6.734082E1	-4.700741E2
1.383333E0	3.270005E1	-2.771473E2	-5.779425E1	-4.797303E2
1.400000E0	2.241237E1	-2.782835E2	-4.481716E1	-4.886255E2
1.416667E0	8.433953E0	-2.792582E2	-2.506775E1	-4.960244E2
1.433333E0	-1.493693E1	-2.794054E2	1.250328E1	-4.972287E2
1.450000E0	-2.754641E1	-2.785996E2	3.443164E1	-4.883366E2
1.466667E0	-3.891134E1	-2.775360E2	5.281976E1	-4.754878E2
1.483333E0	-4.091414E1	-2.771784E2	5.669845E1	-4.715206E2
1.500000E0	-3.883848E1	-2.774266E2	5.309421E1	-4.738494E2
1.516667E0	-2.753665E1	-2.786313E2	3.896587E1	-4.867920E2
1.533333E0	-1.513753E1	-2.793949E2	1.826406E1	-4.960359E2
1.550000E0	7.858985E0	-2.793025E2	-1.246358E1	-4.992596E2
1.566667E0	2.178807E1	-2.784173E2	-3.556144E1	-4.916461E2
1.583333E0	3.298481E1	-2.770994E2	-5.286216E1	-4.806338E2
1.600000E0	4.146655E1	-2.758607E2	-6.076992E1	-4.727494E2
1.616667E0	4.198304E1	-2.757115E2	-5.867799E1	-4.736751E2
1.633333E0	3.432442E1	-2.769124E2	-4.531516E1	-4.832790E2
1.650000E0	2.392368E1	-2.782050E2	-2.571536E1	-4.933276E2
1.666667E0	1.056234E1	-2.791213E2	-1.892317E0	-4.994710E2
1.683333E0	-1.053030E1	-2.795456E2	3.485347E1	-4.938473E2
1.700000E0	-2.222131E1	-2.790085E2	5.308815E1	-4.838846E2
1.716667E0	-3.188733E1	-2.782735E2	7.216103E1	-4.702676E2
1.733333E0	-3.335115E1	-2.780882E2	7.419595E1	-4.678236E2
1.750000E0	-3.094355E1	-2.784415E2	6.394171E1	-4.743029E2
1.766667E0	-1.959988E1	-2.792270E2	4.352801E1	-4.886506E2
1.783333E0	-7.515466E0	-2.796346E2	2.040842E1	-4.971523E2
1.800000E0	1.280226E1	-2.789926E2	-2.131284E1	-4.967821E2
1.816667E0	2.455322E1	-2.781502E2	-4.215206E1	-4.884884E2
1.833333E0	3.301462E1	-2.770129E2	-5.483546E1	-4.805897E2
1.850000E0	3.804340E1	-2.763320E2	-6.677803E1	-4.721592E2
1.866667E0	3.622869E1	-2.764669E2	-6.552495E1	-4.739750E2
1.883333E0	2.543107E1	-2.780285E2	-5.356550E1	-4.845285E2
1.900000E0	1.388512E1	-2.788911E2	-3.520399E1	-4.933165E2
1.916667E0	-3.377937E-1	-2.794263E2	-1.245156E1	-4.990914E2
1.933333E0	-2.070854E1	-2.791567E2	2.228638E1	-4.940424E2
1.950000E0	-3.097385E1	-2.783659E2	3.871050E1	-4.839007E2
1.966667E0	-3.810281E1	-2.775669E2	5.427603E1	-4.745148E2
1.983333E0	-3.768838E1	-2.776147E2	5.440040E1	-4.743546E2
2.000000E0	-3.264739E1	-2.781398E2	4.903885E1	-4.796641E2
2.016667E0	-1.817066E1	-2.793051E2	3.042592E1	-4.920827E2
2.033333E0	-4.417951E0	-2.795913E2	8.789588E0	-4.979143E2
2.050000E0	1.761668E1	-2.787311E2	-2.420374E1	-4.948953E2
2.066667E0	2.937980E1	-2.775067E2	-4.127529E1	-4.862336E2
2.083333E0	3.753400E1	-2.764170E2	-5.240874E1	-4.783623E2
2.100000E0	4.157775E1	-2.758478E2	-5.564260E1	-4.744645E2
2.116667E0	3.937480E1	-2.760808E2	-4.879541E1	-4.794340E2
2.133333E0	2.805765E1	-2.776527E2	-2.798648E1	-4.908993E2
2.150000E0	1.553957E1	-2.787801E2	-7.688866E0	-4.965445E2
2.166667E0	1.222573E0	-2.794377E2	1.616297E1	-4.961080E2
2.183333E0	-1.786276E1	-2.792463E2	4.698877E1	-4.862960E2
2.200000E0	-2.671736E1	-2.787217E2	6.003729E1	-4.753092E2
2.216667E0	-3.252063E1	-2.781452E2	6.796207E1	-4.672860E2
2.233333E0	-3.162727E1	-2.783299E2	6.486880E1	-4.697672E2
2.250000E0	-2.673601E1	-2.787306E2	5.373057E1	-4.791113E2
2.266667E0	-1.247651E1	-2.794357E2	2.325980E1	-4.932606E2
2.283333E0	6.268560E-1	-2.796371E2	2.330585E-1	-4.940351E2
2.300000E0	1.912655E1	-2.786633E2	-3.509195E1	-4.871749E2
2.316667E0	2.830778E1	-2.776535E2	-5.339243E1	-4.799541E2
2.333333E0	3.349668E1	-2.771002E2	-6.186685E1	-4.709617E2
2.350000E0	3.414961E1	-2.768357E2	-6.530700E1	-4.687329E2
2.366667E0	2.969295E1	-2.775319E2	-5.825133E1	-4.743520E2
2.383333E0	1.582214E1	-2.787501E2	-3.754922E1	-4.884554E2
2.400000E0	2.962578E0	-2.794640E2	-1.530629E1	-4.948114E2
2.416667E0	-1.044141E1	-2.793830E2	7.970850E0	-4.940723E2
2.433333E0	-2.680247E1	-2.787087E2	3.823020E1	-4.843556E2
2.450000E0	-3.292150E1	-2.781268E2	5.232935E1	-4.777399E2
2.466667E0	-3.486916E1	-2.778696E2	5.840738E1	-4.735832E2
2.483333E0	-3.095850E1	-2.783901E2	5.576655E1	-4.775553E2
2.500000E0	-2.308844E1	-2.789701E2	4.388696E1	-4.859237E2
2.516667E0	-5.093166E0	-2.795187E2	1.472539E1	-4.977034E2
2.533333E0	8.822684E0	-2.793112E2	-7.490852E0	-4.979344E2
2.550000E0	2.751748E1	-2.777161E2	-3.242893E1	-4.903520E2
2.566667E0	3.601785E1	-2.765640E2	-4.435861E1	-4.834072E2
2.583333E0	4.005739E1	-2.760577E2	-5.346581E1	-4.764198E2
2.600000E0	3.874750E1	-2.762607E2	-4.526014E1	-4.817647E2
2.616667E0	3.231959E1	-2.771506E2	-3.757001E1	-4.873667E2
2.633333E0	1.652889E1	-2.787251E2	-1.380696E1	-4.973671E2
2.650000E0	2.887489E0	-2.794656E2	8.459589E0	-4.993170E2
2.666667E0	-1.067488E1	-2.794376E2	2.964899E1	-4.951386E2
2.683333E0	-2.528509E1	-2.788121E2	5.112349E1	-4.830733E2
2.700000E0	-3.078975E1	-2.783192E2	5.786626E1	-4.772934E2
2.716667E0	-3.155877E1	-2.783119E2	5.558102E1	-4.777806E2
2.733333E0	-2.733075E1	-2.786864E2	4.565333E1	-4.842606E2
2.750000E0	-1.889156E1	-2.792231E2	2.918150E1	-4.929525E2
2.766667E0	-1.551934E0	-2.796417E2	-4.389469E0	-4.995504E2
2.783333E0	1.063573E1	-2.791066E2	-2.815728E1	-4.953788E2
2.800000E0	2.533043E1	-2.779884E2	-5.075986E1	-4.865205E2
2.816667E0	3.093549E1	-2.772142E2	-6.048107E1	-4.795452E2
2.833333E0	3.284890E1	-2.771007E2	-6.447810E1	-4.769672E2
2.850000E0	2.847070E1	-2.775569E2	-5.601582E1	-4.835118E2
2.866667E0	2.068499E1	-2.784138E2	-4.718410E1	-4.884056E2
2.883333E0	3.687749E0	-2.794099E2	-1.683786E1	-4.987838E2
2.900000E0	-8.676542E0	-2.794929E2	5.756873E0	-4.985972E2
2.916667E0	-1.956812E1	-2.791963E2	2.665850E1	-4.932416E2
2.933333E0	-3.019848E1	-2.784235E2	4.654646E1	-4.818284E2
2.950000E0	-3.218813E1	-2.782404E2	5.427160E1	-4.780010E2
2.966667E0	-2.790826E1	-2.785317E2	5.100677E1	-4.813954E2
2.983333E0	-2.044104E1	-2.791545E2	4.199861E1	-4.887413E2
3.000000E0	-9.709943E0	-2.795554E2	2.543251E1	-4.959921E2
3.016667E0	9.585604E0	-2.793025E2	-5.466037E0	-4.987811E2
3.033333E0	2.189565E1	-2.783547E2	-2.540266E1	-4.932941E2
3.050000E0	3.456851E1	-2.769439E2	-4.487112E1	-4.824947E2
3.066667E0	3.854673E1	-2.761679E2	-5.065524E1	-4.783909E2
3.083333E0	3.831079E1	-2.761983E2	-4.986709E1	-4.794500E2
3.100000E0	3.026912E1	-2.773532E2	-3.226314E1	-4.902857E2
3.116667E0	2.031204E1	-2.784266E2	-2.310055E1	-4.943172E2
3.133333E0	8.294119E-1	-2.794707E2	6.465672E0	-4.993821E2
3.150000E0	-1.142047E1	-2.793948E2	2.580000E1	-4.955335E2
3.166667E0	-2.157273E1	-2.789742E2	4.007588E1	-4.887197E2
3.183333E0	-3.048534E1	-2.783828E2	5.182259E1	-4.797479E2
3.200000E0	-3.171995E1	-2.782226E2	5.095916E1	-4.794785E2
3.216667E0	-2.605371E1	-2.786835E2	3.759892E1	-4.865146E2
3.233333E0	-1.789407E1	-2.793409E2	2.226299E1	-4.939752E2
3.250000E0	-6.786954E0	-2.795258E2	8.497487E-1	-4.994235E2
3.266667E0	1.087822E1	-2.791225E2	-3.316182E1	-4.943911E2
3.283333E0	2.076463E1	-2.784021E2	-4.961916E1	-4.867795E2
3.300000E0	2.980501E1	-2.773778E2	-5.835787E1	-4.810258E2
3.316667E0	3.095439E1	-2.772249E2	-6.486428E1	-4.767906E2
3.333333E0	2.889502E1	-2.775489E2	-5.958136E1	-4.805979E2
3.350000E0	1.868128E1	-2.785823E2	-4.143822E1	-4.903653E2
3.366667E0	8.198447E0	-2.793069E2	-2.318839E1	-4.966171E2
3.383333E0	-9.374375E0	-2.794136E2	1.071980E1	-4.982504E2
3.400000E0	-1.914027E1	-2.791511E2	3.036306E1	-4.920553E2
3.416667E0	-2.574467E1	-2.786773E2	4.430277E1	-4.849923E2
3.433333E0	-2.909182E1	-2.784487E2	5.450394E1	-4.796946E2
3.450000E0	-2.660109E1	-2.786675E2	5.256392E1	-4.811986E2
3.466667E0	-1.622584E1	-2.793466E2	3.880696E1	-4.908921E2
3.483333E0	-5.249005E0	-2.795039E2	2.082600E1	-4.964974E2
3.500000E0	6.657106E0	-2.793320E2	2.339596E0	-4.994182E2
3.516667E0	2.351659E1	-2.781835E2	-2.058110E1	-4.952511E2
3.533333E0	3.169193E1	-2.771782E2	-3.979464E1	-4.863419E2
3.550000E0	3.673758E1	-2.763847E2	-4.885998E1	-4.804270E2
3.566667E0	3.555122E1	-2.766280E2	-4.777283E1	-4.814741E2
3.583333E0	3.001308E1	-2.773581E2	-3.461130E1	-4.900072E2
3.600000E0	1.552795E1	-2.787476E2	-1.925954E1	-4.967646E2
3.616667E0	2.831712E0	-2.793881E2	-9.824131E-1	-4.994499E2
3.633333E0	-1.484694E1	-2.793240E2	2.628420E1	-4.946249E2
3.650000E0	-2.346671E1	-2.788425E2	3.849552E1	-4.880044E2
3.666667E0	-2.909835E1	-2.783908E2	4.512004E1	-4.828591E2
3.683333E0	-3.029426E1	-2.784101E2	4.432444E1	-4.827117E2
3.700000E0	-2.651755E1	-2.785914E2	3.605668E1	-4.873149E2
3.716667E0	-1.435632E1	-2.793278E2	1.162591E1	-4.963039E2
3.733333E0	-3.305942E0	-2.794193E2	-9.028673E0	-4.990317E2
3.750000E0	8.112552E0	-2.792199E2	-2.849138E1	-4.968936E2
3.766667E0	2.203479E1	-2.782163E2	-5.162690E1	-4.865696E2
3.783333E0	2.763698E1	-2.775958E2	-6.003630E1	-4.809861E2
3.800000E0	2.954659E1	-2.773660E2	-6.079791E1	-4.797240E2
3.816667E0	2.611198E1	-2.778673E2	-4.795545E1	-4.874015E2
3.833333E0	1.954237E1	-2.785025E2	-4.041451E1	-4.903118E2
3.850000E0	4.606062E0	-2.792956E2	-1.119082E1	-4.987585E2
3.866667E0	-6.254642E0	-2.793992E2	9.189143E0	-4.983162E2
3.883333E0	-1.972397E1	-2.790719E2	3.642072E1	-4.904537E2
3.900000E0	-2.466389E1	-2.787905E2	4.663141E1	-4.839892E2
3.916667E0	-2.646541E1	-2.786788E2	5.383392E1	-4.816423E2
3.933333E0	-2.210009E1	-2.788675E2	4.961547E1	-4.849301E2
3.950000E0	-1.543260E1	-2.793331E2	3.876095E1	-4.908372E2
3.966667E0	5.488605E-2	-2.796046E2	1.414257E1	-4.985878E2
3.983333E0	1.145430E1	-2.790692E2	-6.348984E0	-4.985337E2
4.000000E0	2.183681E1	-2.783836E2	-2.527981E1	-4.936620E2
4.016667E0	3.215082E1	-2.771615E2	-4.152703E1	-4.851939E2
4.033333E0	3.437028E1	-2.768685E2	-4.790499E1	-4.817271E2
4.050000E0	3.088541E1	-2.773174E2	-3.826605E1	-4.882196E2
4.066667E0	2.415909E1	-2.781164E2	-2.904306E1	-4.936394E2
4.083333E0	1.462012E1	-2.787356E2	-1.464686E1	-4.986795E2
4.100000E0	-3.074232E0	-2.794793E2	5.968317E0	-4.993216E2
4.116667E0	-1.424890E1	-2.793275E2	2.927556E1	-4.949858E2
4.133333E0	-2.588648E1	-2.786157E2	3.904321E1	-4.870620E2
4.150000E0	-2.945254E1	-2.784304E2	4.271134E1	-4.839472E2
4.166667E0	-2.932849E1	-2.784089E2	4.084030E1	-4.848526E2
4.183333E0	-2.234796E1	-2.789620E2	2.586580E1	-4.920127E2
4.200000E0	-1.383114E1	-2.793493E2	9.973026E0	-4.973470E2
4.216667E0	2.326315E0	-2.794130E2	-1.850507E1	-4.987631E2
4.233333E0	1.282956E1	-2.788930E2	-3.548828E1	-4.937582E2
4.250000E0	2.119890E1	-2.782875E2	-4.866255E1	-4.876943E2
4.266667E0	2.824472E1	-2.774621E2	-5.751461E1	-4.814575E2
4.283333E0	2.847745E1	-2.774803E2	-5.647791E1	-4.815430E2
4.300000E0	2.219352E1	-2.782221E2	-4.051368E1	-4.904853E2
4.316667E0	1.463250E1	-2.788229E2	-2.637265E1	-4.953731E2
4.333333E0	4.707133E0	-2.793199E2	-7.957623E0	-4.993296E2
4.350000E0	-1.038873E1	-2.794570E2	2.169699E1	-4.963688E2
4.366667E0	-1.804909E1	-2.790949E2	3.776499E1	-4.909650E2
4.383333E0	-2.357318E1	-2.788758E2	5.019007E1	-4.844149E2
4.400000E0	-2.332297E1	-2.788441E2	5.258927E1	-4.837255E2
4.416667E0	-1.962520E1	-2.790604E2	4.695935E1	-4.871868E2
4.433333E0	-8.222789E0	-2.794975E2	2.842718E1	-4.948294E2
4.450000E0	1.479928E0	-2.794111E2	1.216237E1	-4.992395E2
4.466667E0	1.717872E1	-2.786080E2	-1.620353E1	-4.963890E2
4.483333E0	2.517361E1	-2.779920E2	-3.204646E1	-4.917263E2
4.500000E0	3.053854E1	-2.772222E2	-4.158740E1	-4.861709E2
4.516667E0	3.160063E1	-2.771767E2	-4.694238E1	-4.835870E2
4.533333E0	2.833696E1	-2.775072E2	-4.264459E1	-4.866261E2
4.550000E0	1.666748E1	-2.785989E2	-2.733060E1	-4.949964E2
4.566667E0	6.031667E0	-2.792307E2	-1.243864E1	-4.986526E2
4.583333E0	-5.430832E0	-2.793725E2	4.754060E0	-4.984428E2
4.600000E0	-1.957710E1	-2.791228E2	2.670863E1	-4.930519E2
4.616667E0	-2.546852E1	-2.787432E2	3.477241E1	-4.879810E2
4.633333E0	-2.848877E1	-2.784761E2	3.771851E1	-4.860517E2
4.650000E0	-2.589279E1	-2.786953E2	3.254484E1	-4.891096E2
4.666667E0	-1.988300E1	-2.790788E2	2.157059E1	-4.936487E2
4.683333E0	-6.303080E0	-2.794970E2	-2.321680E0	-4.991701E2
4.700000E0	4.244782E0	-2.794253E2	-1.936037E1	-4.987789E2
4.716667E0	1.801358E1	-2.785731E2	-4.177604E1	-4.908079E2
4.733333E0	2.419956E1	-2.780543E2	-5.105732E1	-4.859247E2
4.750000E0	2.743435E1	-2.776861E2	-5.381360E1	-4.842161E2
4.766667E0	2.535472E1	-2.779375E2	-4.755374E1	-4.868592E2
4.783333E0	2.032827E1	-2.784402E2	-3.750759E1	-4.913954E2
4.800000E0	7.990089E0	-2.791846E2	-1.162144E1	-4.981573E2
4.816667E0	-1.621194E0	-2.793568E2	6.927190E0	-4.988666E2
4.833333E0	-1.058323E1	-2.793840E2	2.532936E1	-4.956530E2
4.850000E0	-1.949042E1	-2.790620E2	4.426405E1	-4.877249E2
4.866667E0	-2.176538E1	-2.789367E2	4.960850E1	-4.849284E2
4.883333E0	-1.919530E1	-2.791362E2	4.639472E1	-4.871022E2
4.900000E0	-1.356944E1	-2.793434E2	3.836689E1	-4.919589E2
4.916667E0	-5.306920E0	-2.794553E2	2.424048E1	-4.970122E2
4.933333E0	9.063184E0	-2.792632E2	-3.209283E0	-4.985512E2
4.950000E0	1.821703E1	-2.785373E2	-2.104899E1	-4.948079E2
4.966667E0	2.749928E1	-2.775983E2	-3.858366E1	-4.883480E2
4.983333E0	2.988464E1	-2.773213E2	-4.452788E1	-4.854025E2
5.000000E0	2.863461E1	-2.774338E2	-4.512827E1	-4.859213E2
5.016667E0	2.092848E1	-2.784285E2	-3.550124E1	-4.912408E2
5.033333E0	1.238733E1	-2.790326E2	-2.429796E1	-4.952204E2
5.050000E0	-3.138849E0	-2.794111E2	-1.341696E0	-4.988003E2
5.066667E0	-1.317823E1	-2.792545E2	1.418603E1	-4.967546E2
5.083333E0	-2.080233E1	-2.790089E2	2.488206E1	-4.923339E2
5.100000E0	-2.680918E1	-2.786203E2	3.461355E1	-4.879767E2
5.116667E0	-2.661368E1	-2.786173E2	3.367061E1	-4.883790E2
5.133333E0	-2.007284E1	-2.790716E2	2.197533E1	-4.940823E2
5.150000E0	-1.248846E1	-2.793358E2	7.363079E0	-4.975397E2
5.166667E0	-2.757272E0	-2.794887E2	-8.902373E0	-4.992968E2
5.183333E0	1.185517E1	-2.790758E2	-3.161462E1	-4.951957E2
5.200000E0	1.952316E1	-2.784958E2	-4.214404E1	-4.901888E2
5.216667E0	2.549513E1	-2.778700E2	-4.938294E1	-4.855121E2
5.233333E0	2.636841E1	-2.777760E2	-4.740454E1	-4.862948E2
5.250000E0	2.332052E1	-2.781293E2	-4.074937E1	-4.895292E2
5.266667E0	1.390235E1	-2.788058E2	-1.839812E1	-4.977494E2
5.283333E0	5.120389E0	-2.792555E2	-3.435101E0	-4.994900E2
5.300000E0	-7.874430E0	-2.795081E2	2.178689E1	-4.966109E2
5.316667E0	-1.477708E1	-2.793083E2	3.486221E1	-4.918544E2
5.333333E0	-1.876142E1	-2.791568E2	4.421022E1	-4.872379E2
5.350000E0	-1.936298E1	-2.791046E2	4.687865E1	-4.865734E2
5.366667E0	-1.593334E1	-2.793013E2	4.158730E1	-4.893585E2
5.383333E0	-5.767714E0	-2.795718E2	2.295980E1	-4.961515E2
5.400000E0	2.822047E0	-2.793801E2	6.656881E0	-4.990336E2
5.416667E0	1.171409E1	-2.790831E2	-9.082501E0	-4.985959E2
5.433333E0	2.257605E1	-2.781695E2	-3.177627E1	-4.924664E2
5.450000E0	2.644223E1	-2.778725E2	-4.029481E1	-4.883383E2
5.466667E0	2.686990E1	-2.777607E2	-4.367538E1	-4.872525E2
5.483333E0	2.252876E1	-2.781942E2	-4.030346E1	-4.893880E2
5.500000E0	1.610542E1	-2.786837E2	-3.140300E1	-4.933564E2
5.516667E0	2.139252E0	-2.793667E2	-9.207859E0	-4.995837E2
5.533333E0	-7.307686E0	-2.794602E2	4.115174E0	-4.984313E2
5.550000E0	-1.932154E1	-2.790699E2	3.025307E1	-4.929704E2
5.566667E0	-2.419024E1	-2.786713E2	3.041692E1	-4.905236E2
5.583333E0	-2.562234E1	-2.786893E2	3.199796E1	-4.893654E2
5.600000E0	-2.180365E1	-2.789899E2	2.423838E1	-4.930819E2
5.616667E0	-1.579455E1	-2.792960E2	1.431278E1	-4.962765E2
5.633333E0	-2.761344E0	-2.795163E2	-7.086401E0	-4.995550E2
5.650000E0	6.795469E0	-2.792832E2	-2.247589E1	-4.975426E2
5.666667E0	1.508550E1	-2.787871E2	-3.397496E1	-4.936504E2
5.683333E0	2.316976E1	-2.782709E2	-4.492578E1	-4.880058E2
5.700000E0	2.513047E1	-2.778963E2	-4.541200E1	-4.871992E2
5.716667E0	2.243160E1	-2.782440E2	-3.732288E1	-4.902824E2
5.733333E0	1.726860E1	-2.785749E2	-2.563346E1	-4.956255E2
5.750000E0	9.690544E0	-2.791482E2	-1.036065E1	-4.986090E2
5.766667E0	-2.831283E0	-2.795121E2	1.456090E1	-4.982581E2
5.783333E0	-1.027186E1	-2.793368E2	2.900239E1	-4.949522E2
5.800000E0	-1.693981E1	-2.792366E2	5.142330E1	-4.873751E2
5.816667E0	-1.794674E1	-2.792295E2	5.404443E1	-4.863173E2
5.833333E0	-1.637735E1	-2.792988E2	4.239394E1	-4.893325E2
5.850000E0	-8.829787E0	-2.793867E2	2.739508E1	-4.946440E2
5.866667E0	-1.113272E0	-2.793520E2	1.345752E1	-4.982715E2
5.883333E0	1.131289E1	-2.789552E2	-1.027812E1	-4.986009E2
5.900000E0	1.830778E1	-2.785827E2	-2.558547E1	-4.948502E2
5.916667E0	2.306784E1	-2.781137E2	-3.596339E1	-4.908012E2
5.933333E0	2.530857E1	-2.778152E2	-4.255158E1	-4.879297E2
5.950000E0	2.265922E1	-2.781765E2	-4.137771E1	-4.887720E2
5.966667E0	1.411486E1	-2.788387E2	-2.961585E1	-4.945840E2
5.983333E0	5.514570E0	-2.792491E2	-1.794744E1	-4.986947E2
6.000000E0	-3.612169E0	-2.795073E2	-3.756561E0	-4.995215E2
6.016667E0	-1.573987E1	-2.792213E2	1.457907E1	-4.963029E2
6.033333E0	-2.091900E1	-2.790403E2	2.394843E1	-4.930792E2
6.050000E0	-2.375747E1	-2.788418E2	2.849822E1	-4.911859E2
6.066667E0	-2.177907E1	-2.790411E2	2.463289E1	-4.924464E2
6.083333E0	-1.699190E1	-2.792883E2	1.643848E1	-4.953199E2
6.100000E0	-5.624286E0	-2.795178E2	-1.244579E0	-4.988224E2
6.116667E0	3.285928E0	-2.793854E2	-1.493109E1	-4.987224E2
6.133333E0	1.508517E1	-2.787546E2	-3.286101E1	-4.935076E2
6.150000E0	2.063282E1	-2.783597E2	-3.953576E1	-4.907407E2
6.166667E0	2.362780E1	-2.781965E2	-4.206693E1	-4.889178E2
6.183333E0	2.264747E1	-2.781588E2	-3.647732E1	-4.904855E2
6.200000E0	1.862935E1	-2.784853E2	-2.671955E1	-4.943112E2
6.216667E0	8.662019E0	-2.790460E2	-7.279269E0	-4.986001E2
6.233333E0	6.923850E-1	-2.793220E2	8.629276E0	-4.989181E2
6.250000E0	-6.555196E0	-2.794379E2	2.280089E1	-4.963501E2
6.266667E0	-1.448468E1	-2.793105E2	3.850925E1	-4.918061E2
6.283333E0	-1.627177E1	-2.791443E2	4.284727E1	-4.898318E2
6.300000E0	-1.430810E1	-2.792920E2	3.894029E1	-4.918088E2
6.316667E0	-9.991461E0	-2.794316E2	3.046005E1	-4.949837E2
6.333333E0	-3.153114E0	-2.793832E2	1.650095E1	-4.977957E2
6.350000E0	8.096499E0	-2.792173E2	-5.370198E0	-4.985405E2
6.366667E0	1.510482E1	-2.787958E2	-2.013602E1	-4.960521E2
6.383333E0	2.186312E1	-2.782857E2	-3.568795E1	-4.916235E2
6.400000E0	2.317986E1	-2.780836E2	-3.209276E1	-4.920859E2
6.416667E0	2.165210E1	-2.782274E2	-4.079583E1	-4.902139E2
6.433333E0	1.471135E1	-2.787724E2	-3.227108E1	-4.936733E2
6.450000E0	7.399973E0	-2.791362E2	-2.109311E1	-4.976213E2
6.466667E0	-5.215637E0	-2.794164E2	-1.794075E0	-4.994308E2
6.483333E0	-1.294983E1	-2.793469E2	9.834425E0	-4.974011E2
6.500000E0	-1.858877E1	-2.792171E2	1.878697E1	-4.951677E2
6.516667E0	-2.213539E1	-2.789182E2	2.537913E1	-4.921236E2
6.533333E0	-2.107025E1	-2.789223E2	2.421713E1	-4.931070E2
6.550000E0	-1.431867E1	-2.792975E2	1.386726E1	-4.963260E2
6.566667E0	-7.266245E0	-2.793213E2	2.531277E0	-4.984575E2
6.583333E0	1.190998E0	-2.794306E2	-1.009339E1	-4.987403E2
6.600000E0	1.284626E1	-2.789009E2	-2.718772E1	-4.958721E2
6.616667E0	1.851708E1	-2.785299E2	-3.470245E1	-4.926101E2
6.633333E0	2.260540E1	-2.781749E2	-3.813306E1	-4.900977E2
6.650000E0	2.185983E1	-2.782434E2	-3.450772E1	-4.913214E2
6.666667E0	1.885100E1	-2.785231E2	-2.615488E1	-4.948776E2
6.683333E0	1.022505E1	-2.789447E2	-9.247953E0	-4.979357E2
6.700000E0	2.719625E0	-2.792858E2	6.392692E0	-4.993573E2
6.716667E0	-7.303845E0	-2.794400E2	2.533885E1	-4.960635E2
6.733333E0	-1.206134E1	-2.792698E2	3.461162E1	-4.930503E2
6.750000E0	-1.458337E1	-2.792624E2	3.882749E1	-4.911854E2
6.766667E0	-1.362653E1	-2.792631E2	3.668130E1	-4.923233E2
6.783333E0	-9.907164E0	-2.794269E2	2.917759E1	-4.949922E2
6.800000E0	-7.489778E-1	-2.794754E2	1.049239E1	-4.989268E2
6.816667E0	6.048005E0	-2.792586E2	-3.130751E0	-4.994807E2
6.833333E0	1.261896E1	-2.789820E2	-1.683838E1	-4.977508E2
6.850000E0	1.949535E1	-2.784357E2	-3.322169E1	-4.926682E2
6.866667E0	2.123607E1	-2.783264E2	-3.836228E1	-4.907321E2
6.883333E0	1.868916E1	-2.784531E2	-3.768133E1	-4.915968E2
6.900000E0	1.437308E1	-2.787008E2	-3.180438E1	-4.945964E2
6.916667E0	7.645177E0	-2.791509E2	-2.227739E1	-4.978190E2
6.933333E0	-3.749466E0	-2.793977E2	-4.538766E0	-4.995022E2
6.950000E0	-1.104983E1	-2.793859E2	6.551978E0	-4.982252E2
6.966667E0	-1.844527E1	-2.791254E2	1.924078E1	-4.948247E2
6.983333E0	-2.028215E1	-2.790340E2	2.297741E1	-4.932576E2
7.000000E0	-1.958799E1	-2.790658E2	2.248711E1	-4.938134E2
7.016667E0	-1.366756E1	-2.793046E2	1.352517E1	-4.968587E2
7.033333E0	-7.431652E0	-2.794128E2	3.507936E0	-4.984881E2
7.050000E0	4.072084E0	-2.793429E2	-1.322305E1	-4.986589E2
7.066667E0	1.123645E1	-2.790317E2	-2.357990E1	-4.968503E2
7.083333E0	1.692043E1	-2.786730E2	-3.079326E1	-4.944245E2
7.100000E0	2.124804E1	-2.782735E2	-3.427104E1	-4.920172E2
7.116667E0	2.102529E1	-2.782483E2	-3.182168E1	-4.925240E2
7.133333E0	1.606153E1	-2.786270E2	-1.987204E1	-4.966037E2
7.150000E0	1.039831E1	-2.789024E2	-9.312853E0	-4.984834E2
7.166667E0	3.823062E0	-2.793526E2	4.520716E0	-4.993903E2
7.183333E0	-5.793705E0	-2.793610E2	2.262682E1	-4.970627E2
7.200000E0	-1.038892E1	-2.792941E2	3.100295E1	-4.942274E2
7.216667E0	-1.324435E1	-2.793148E2	3.637956E1	-4.924894E2
7.233333E0	-1.231242E1	-2.792718E2	3.421782E1	-4.931144E2
7.250000E0	-9.320871E0	-2.793361E2	2.707025E1	-4.951397E2
7.266667E0	-1.182915E0	-2.794654E2	1.046074E1	-4.985568E2
7.283333E0	5.223953E0	-2.793351E2	-2.678235E0	-4.994902E2
7.300000E0	1.383880E1	-2.788489E2	-2.153673E1	-4.967829E2
7.316667E0	1.783713E1	-2.785790E2	-3.125303E1	-4.934067E2
7.333333E0	1.931246E1	-2.784801E2	-3.607889E1	-4.915344E2
7.350000E0	1.735365E1	-2.785168E2	-3.585768E1	-4.924022E2
7.366667E0	1.305480E1	-2.787858E2	-3.080523E1	-4.945870E2
7.383333E0	3.685114E0	-2.794477E2	-1.608322E1	-4.986898E2
7.400000E0	-3.344029E0	-2.794420E2	1.847192E0	-4.996653E2
7.416667E0	-9.867457E0	-2.793283E2	5.420320E0	-4.983804E2
7.433333E0	-1.671051E1	-2.790834E2	1.658243E1	-4.953355E2
7.450000E0	-1.853918E1	-2.791306E2	2.057035E1	-4.942301E2
7.466667E0	-1.669654E1	-2.791529E2	1.861100E1	-4.951928E2
7.483333E0	-1.262191E1	-2.792902E2	1.228882E1	-4.967241E2
7.500000E0	-6.498893E0	-2.794828E2	4.112178E0	-4.984325E2
7.516667E0	3.728594E0	-2.793359E2	-1.213325E1	-4.986459E2
7.533333E0	1.044987E1	-2.789700E2	-2.188893E1	-4.969752E2
7.550000E0	1.770400E1	-2.785496E2	-3.023574E1	-4.939342E2
7.566667E0	1.972490E1	-2.784455E2	-3.160624E1	-4.924644E2
7.583333E0	1.964584E1	-2.784441E2	-2.923444E1	-4.932409E2
7.600000E0	1.522683E1	-2.786785E2	-1.804700E1	-4.967258E2
7.616667E0	9.892884E0	-2.790646E2	-7.892441E0	-4.983605E2
7.633333E0	7.742653E-1	-2.794237E2	1.038189E1	-4.988463E2
7.650000E0	-4.767692E0	-2.794973E2	2.081942E1	-4.970824E2
7.666667E0	-9.183718E0	-2.794043E2	2.884326E1	-4.950115E2
7.683333E0	-1.191006E1	-2.793077E2	3.291157E1	-4.931804E2
7.700000E0	-1.123954E1	-2.792730E2	3.119958E1	-4.940648E2
7.716667E0	-5.534607E0	-2.794563E2	2.006949E1	-4.971721E2
7.733333E0	-6.277151E-1	-2.793849E2	8.834183E0	-4.990990E2
7.750000E0	4.995638E0	-2.792973E2	-2.722351E0	-4.994929E2
7.766667E0	1.266557E1	-2.789118E2	-2.093462E1	-4.968286E2
7.783333E0	1.619450E1	-2.787250E2	-2.927098E1	-4.949290E2
7.800000E0	1.750231E1	-2.784858E2	-3.423967E1	-4.924705E2
7.816667E0	1.555289E1	-2.786691E2	-3.339119E1	-4.934605E2
7.833333E0	1.159597E1	-2.789256E2	-2.912859E1	-4.950982E2
7.850000E0	2.959780E0	-2.792795E2	-1.645702E1	-4.987183E2
7.866667E0	-3.420806E0	-2.793390E2	2.290707E0	-4.995695E2
7.883333E0	-1.177401E1	-2.792964E2	1.630228E1	-4.972351E2
7.900000E0	-1.551000E1	-2.792030E2	2.310223E1	-4.951820E2
7.916667E0	-1.683031E1	-2.791591E2	1.783182E1	-4.952456E2
7.933333E0	-1.489598E1	-2.792219E2	1.587165E1	-4.961770E2
7.950000E0	-1.101683E1	-2.793296E2	1.002934E1	-4.973549E2
7.966667E0	-2.412580E0	-2.793427E2	-2.163064E0	-4.994766E2
7.983333E0	4.035453E0	-2.792013E2	-1.208434E1	-4.986282E2
8.000000E0	1.002478E1	-2.790755E2	-2.057487E1	-4.965429E2
8.016667E0	1.649943E1	-2.786716E2	-2.759200E1	-4.945469E2
8.033333E0	1.836265E1	-2.785311E2	-2.847981E1	-4.934950E2
8.050000E0	1.700545E1	-2.785462E2	-2.322721E1	-4.950486E2
8.066667E0	1.380443E1	-2.787381E2	-1.558364E1	-4.972854E2
8.083333E0	8.934819E0	-2.790085E2	-5.389724E0	-4.985338E2
8.100000E0	7.037392E-1	-2.793548E2	1.078038E1	-4.985135E2
8.116667E0	-4.425395E0	-2.794724E2	2.048508E1	-4.971325E2
8.133333E0	-9.349688E0	-2.793746E2	2.867449E1	-4.944614E2
8.150000E0	-1.013817E1	-2.792429E2	3.082260E1	-4.942964E2
8.166667E0	-9.422416E0	-2.792804E2	2.783733E1	-4.951789E2
8.183333E0	-4.411020E0	-2.793971E2	1.639054E1	-4.981483E2
8.200000E0	2.160756E-1	-2.793995E2	6.953908E0	-4.993007E2
8.216667E0	7.591178E0	-2.792114E2	-2.221096E0	-4.996999E2
8.233333E0	1.193126E1	-2.790151E2	-1.182101E1	-4.987379E2
8.250000E0	1.497755E1	-2.787251E2	-2.630568E1	-4.959066E2
8.266667E0	1.555481E1	-2.786927E2	-3.174808E1	-4.943867E2
8.283333E0	1.352874E1	-2.787579E2	-3.051345E1	-4.949941E2
8.300000E0	7.284086E0	-2.791506E2	-2.213111E1	-4.978138E2
8.316667E0	1.594369E0	-2.793255E2	-1.396653E1	-4.987481E2
8.333333E0	-3.801360E0	-2.794497E2	9.445200E-1	-5.004338E2
8.350000E0	-1.135428E1	-2.793517E2	7.487650E0	-4.975448E2
8.366667E0	-1.420407E1	-2.791750E2	2.126720E1	-4.961149E2
8.383333E0	-1.491623E1	-2.792049E2	2.410234E1	-4.951610E2
8.400000E0	-1.275358E1	-2.792211E2	2.141180E1	-4.961941E2
8.416667E0	-9.217751E0	-2.792683E2	7.867264E0	-4.983297E2
8.433333E0	-7.761184E-1	-2.794682E2	-3.456031E0	-4.994989E2
8.450000E0	4.840561E0	-2.793131E2	-1.211121E1	-4.986504E2
8.466667E0	1.235609E1	-2.789065E2	-2.225565E1	-4.967838E2
8.483333E0	1.561767E1	-2.787569E2	-2.516818E1	-4.958390E2
8.500000E0	1.691545E1	-2.786813E2	-2.560243E1	-4.950833E2
8.516667E0	1.536429E1	-2.787205E2	-1.927227E1	-4.960447E2
8.533333E0	1.211367E1	-2.788565E2	-1.226194E1	-4.975794E2
8.550000E0	5.049796E0	-2.792374E2	2.171287E0	-4.994183E2
8.566667E0	2.156645E-1	-2.793491E2	1.088627E1	-4.987546E2
8.583333E0	-4.084593E0	-2.794312E2	1.952427E1	-4.972360E2
8.600000E0	-7.958541E0	-2.793008E2	2.613227E1	-4.957030E2
8.616667E0	-8.497988E0	-2.793906E2	2.708721E1	-4.951956E2
8.633333E0	-6.436247E0	-2.793426E2	2.052738E1	-4.967974E2
8.650000E0	-2.672064E0	-2.793747E2	1.370280E1	-4.982254E2
8.666667E0	1.486696E0	-2.793210E2	4.270841E0	-4.993760E2
8.683333E0	7.998421E0	-2.790980E2	-1.117609E1	-4.986141E2
8.700000E0	1.153148E1	-2.789828E2	-2.021850E1	-4.964776E2
8.716667E0	1.434155E1	-2.787372E2	-2.824586E1	-4.949715E2
8.733333E0	1.376172E1	-2.787873E2	-2.957491E1	-4.947180E2
8.750000E0	1.144246E1	-2.788650E2	-2.758701E1	-4.959559E2
8.766667E0	5.229737E0	-2.792744E2	-1.936784E1	-4.978035E2
8.783333E0	2.761244E-1	-2.793485E2	-1.151344E1	-4.987472E2
8.800000E0	-7.272965E0	-2.793806E2	4.889511E-1	-4.985154E2
8.816667E0	-1.101055E1	-2.792966E2	9.050144E0	-4.983137E2
8.833333E0	-1.324692E1	-2.792265E2	1.095654E1	-4.970407E2
8.850000E0	-1.310315E1	-2.792076E2	1.236215E1	-4.967053E2
8.866667E0	-1.074800E1	-2.792640E2	9.365167E0	-4.974320E2
8.883333E0	-4.324863E0	-2.793928E2	1.475425E0	-4.989611E2
8.900000E0	9.116117E-1	-2.793373E2	-5.902855E0	-4.995478E2
8.916667E0	5.803213E0	-2.791640E2	-1.371602E1	-4.986789E2
8.933333E0	1.232854E1	-2.788739E2	-2.136210E1	-4.968123E2
8.950000E0	1.493138E1	-2.786923E2	-2.268336E1	-4.961470E2
8.966667E0	1.516848E1	-2.787123E2	-2.035873E1	-4.960461E2
8.983333E0	1.342805E1	-2.787608E2	-1.554805E1	-4.971283E2
9.000000E0	1.008683E1	-2.789893E2	-8.647053E0	-4.985245E2
9.016667E0	3.774528E0	-2.791661E2	4.842453E0	-4.993566E2
9.033333E0	-4.471826E-1	-2.793435E2	1.239503E1	-4.983258E2
9.050000E0	-5.735283E0	-2.793726E2	2.230039E1	-4.971266E2
9.066667E0	-7.296315E0	-2.793364E2	2.443699E1	-4.961535E2
9.083333E0	-7.224958E0	-2.793116E2	2.299245E1	-4.962106E2
9.100000E0	-4.427009E0	-2.792893E2	1.650912E1	-4.976360E2
9.116667E0	-1.151736E0	-2.792947E2	8.697372E0	-4.985233E2
9.133333E0	4.709168E0	-2.792791E2	-5.209916E0	-4.987631E2
9.150000E0	8.446736E0	-2.791268E2	-1.346736E1	-4.979894E2
9.166667E0	1.114332E1	-2.789586E2	-2.035920E1	-4.962389E2
9.183333E0	1.255934E1	-2.788863E2	-2.620017E1	-4.951231E2
9.200000E0	1.155718E1	-2.788772E2	-2.640598E1	-4.953691E2
9.216667E0	7.324797E0	-2.790551E2	-2.226429E1	-4.964046E2
9.233333E0	3.102115E0	-2.791999E2	-1.609022E1	-4.981691E2
9.250000E0	-1.537767E0	-2.793296E2	-9.244078E0	-4.987282E2
9.266667E0	-7.732191E0	-2.793835E2	8.649102E-1	-4.984804E2
9.283333E0	-1.070554E1	-2.793754E2	6.720420E0	-4.983087E2
9.300000E0	-1.217316E1	-2.792893E2	1.034184E1	-4.973186E2
9.316667E0	-1.117065E1	-2.792507E2	9.452857E0	-4.973647E2
9.333333E0	-8.536832E0	-2.793295E2	6.790586E0	-4.983466E2
9.350000E0	-2.156732E0	-2.793737E2	-1.676681E0	-4.992694E2
9.366667E0	2.581128E0	-2.793309E2	-8.454958E0	-4.989025E2
9.383333E0	8.758993E0	-2.790421E2	-1.687591E1	-4.973860E2
9.400000E0	1.201376E1	-2.788729E2	-1.946423E1	-4.967768E2
9.416667E0	1.371460E1	-2.787680E2	-2.032343E1	-4.964635E2
9.433333E0	1.349270E1	-2.787893E2	-1.707396E1	-4.967269E2
9.450000E0	1.136881E1	-2.788250E2	-1.130441E1	-4.976333E2
9.466667E0	6.327675E0	-2.792226E2	-3.912480E-1	-4.990093E2
9.483333E0	2.642047E0	-2.793217E2	7.261290E0	-4.993254E2
9.500000E0	-9.468504E-1	-2.793885E2	1.351185E1	-4.982615E2
9.516667E0	-4.764561E0	-2.794102E2	2.047873E1	-4.971442E2
9.533333E0	-5.823389E0	-2.793844E2	2.172189E1	-4.970788E2
9.550000E0	-4.755815E0	-2.793477E2	1.765013E1	-4.972710E2
9.566667E0	-2.525277E0	-2.793302E2	1.248435E1	-4.982900E2
9.583333E0	6.315098E-1	-2.792936E2	6.139559E0	-4.993580E2
9.600000E0	5.719227E0	-2.792157E2	-7.201410E0	-4.985801E2
9.616667E0	8.371164E0	-2.791041E2	-1.413898E1	-4.982454E2
9.633333E0	1.082766E1	-2.789071E2	-2.255697E1	-4.968441E2
9.650000E0	1.070571E1	-2.789479E2	-2.389185E1	-4.968972E2
9.666667E0	9.286672E0	-2.789454E2	-2.361053E1	-4.969341E2
9.683333E0	4.967341E0	-2.791735E2	-1.877839E1	-4.977031E2
9.700000E0	1.183960E0	-2.792756E2	-1.333379E1	-4.986507E2
9.716667E0	-4.557920E0	-2.793776E2	-4.203187E0	-4.989610E2
9.733333E0	-7.792756E0	-2.793959E2	6.304934E-1	-4.985125E2
9.750000E0	-9.890093E0	-2.793384E2	6.190060E0	-4.983459E2
9.766667E0	-1.025514E1	-2.793104E2	7.625037E0	-4.977347E2
9.783333E0	-8.728232E0	-2.792947E2	6.461967E0	-4.983472E2
9.800000E0	-4.282774E0	-2.793360E2	2.518358E-1	-4.989590E2
9.816667E0	-3.045526E-1	-2.792867E2	-3.916099E0	-4.995300E2
9.833333E0	3.729096E0	-2.792609E2	-9.387617E0	-4.986560E2
9.850000E0	9.116355E0	-2.790245E2	-1.548159E1	-4.973367E2
9.866667E0	1.132677E1	-2.789719E2	-1.729787E1	-4.966906E2
9.883333E0	1.231363E1	-2.788193E2	-1.535961E1	-4.977264E2
9.900000E0	1.137644E1	-2.788769E2	-1.249649E1	-4.976612E2
9.916667E0	9.140909E0	-2.789456E2	-7.104870E0	-4.982811E2
9.933333E0	4.738278E0	-2.791456E2	2.170556E0	-4.990185E2
9.950000E0	1.480875E0	-2.792600E2	8.313033E0	-4.989339E2
9.966667E0	-2.283088E0	-2.793265E2	2.438317E1	-4.980650E2
9.983333E0	-3.812168E0	-2.793294E2	1.831163E1	-4.975050E2
1.000000E1	-4.229594E0	-2.793427E2	2.709560E1	-4.970481E2
