#multi:
	mass A		mass B		
t	x	y	x	y	
0.000000E0	4.470055E1	-2.806206E2	9.872004E1	-4.831569E2
1.666433E-2	4.392027E1	-2.806245E2	9.780284E1	-4.833367E2
3.332867E-2	4.269607E1	-2.808149E2	9.613576E1	-4.840016E2
4.999300E-2	4.188174E1	-2.813926E2	9.350649E1	-4.843321E2
6.665733E-2	3.993047E1	-2.814503E2	8.997098E1	-4.851362E2
8.332167E-2	3.753802E1	-2.818185E2	8.567352E1	-4.857873E2
9.998600E-2	3.454015E1	-2.819769E2	8.091030E1	-4.867485E2
1.166503E-1	3.242887E1	-2.827773E2	7.494326E1	-4.875126E2
1.333147E-1	2.879768E1	-2.828129E2	6.877466E1	-4.886305E2
1.499790E-1	2.521245E1	-2.826687E2	6.130443E1	-4.896744E2
1.666433E-1	2.213506E1	-2.833547E2	5.367169E1	-4.905650E2
1.833077E-1	1.812645E1	-2.835508E2	4.546078E1	-4.915077E2
1.999720E-1	1.397674E1	-2.837971E2	3.691860E1	-4.923977E2
2.166363E-1	9.877556E0	-2.839513E2	2.774977E1	-4.930516E2
2.333007E-1	5.775017E0	-2.841538E2	1.827213E1	-4.937412E2
2.499650E-1	1.848932E0	-2.840868E2	8.142470E0	-4.942667E2
2.666293E-1	-2.365542E0	-2.842626E2	-1.258131E0	-4.939950E2
2.832937E-1	-6.139658E0	-2.840225E2	-1.124208E1	-4.940690E2
2.999580E-1	-9.949555E0	-2.838025E2	-2.107390E1	-4.938764E2
3.166223E-1	-1.430559E1	-2.834119E2	-3.017631E1	-4.932317E2
3.332867E-1	-1.774811E1	-2.836343E2	-3.948054E1	-4.923177E2
3.499510E-1	-2.104316E1	-2.830948E2	-4.814048E1	-4.912505E2
3.666153E-1	-2.387129E1	-2.828062E2	-5.685450E1	-4.907953E2
3.832797E-1	-2.744557E1	-2.825554E2	-6.449008E1	-4.899362E2
3.999440E-1	-3.004286E1	-2.821726E2	-7.168802E1	-4.887781E2
4.166083E-1	-3.231912E1	-2.822513E2	-7.822178E1	-4.875816E2
4.332727E-1	-3.508257E1	-2.814353E2	-8.401673E1	-4.868174E2
4.499370E-1	-3.673287E1	-2.817317E2	-8.935532E1	-4.860544E2
4.666013E-1	-3.828357E1	-2.813254E2	-9.351684E1	-4.848796E2
4.832657E-1	-3.934878E1	-2.814213E2	-9.688042E1	-4.844411E2
4.999300E-1	-4.006076E1	-2.810164E2	-9.891529E1	-4.829899E2
5.165943E-1	-4.048426E1	-2.814477E2	-1.004957E2	-4.825397E2
5.332587E-1	-4.141228E1	-2.807093E2	-1.010110E2	-4.825424E2
5.499230E-1	-4.140249E1	-2.806883E2	-1.005895E2	-4.824844E2
5.665873E-1	-4.038410E1	-2.814175E2	-9.915699E1	-4.828282E2
5.832517E-1	-4.033836E1	-2.806756E2	-9.663518E1	-4.830578E2
5.999160E-1	-3.854949E1	-2.815919E2	-9.380180E1	-4.839522E2
6.165803E-1	-3.741169E1	-2.814971E2	-8.932715E1	-4.850083E2
6.332447E-1	-3.510114E1	-2.819867E2	-8.501123E1	-4.862774E2
6.499090E-1	-3.331709E1	-2.822547E2	-7.896507E1	-4.871358E2
6.665733E-1	-3.118980E1	-2.822125E2	-7.192936E1	-4.879964E2
6.832377E-1	-2.888352E1	-2.819581E2	-6.484531E1	-4.890659E2
6.999020E-1	-2.551910E1	-2.833957E2	-5.739474E1	-4.903803E2
7.165663E-1	-2.234746E1	-2.833313E2	-4.947036E1	-4.913173E2
7.332307E-1	-1.900073E1	-2.830616E2	-4.194727E1	-4.923369E2
7.498950E-1	-1.504884E1	-2.837991E2	-3.269312E1	-4.934086E2
7.665593E-1	-1.139727E1	-2.841629E2	-2.338454E1	-4.937300E2
7.832237E-1	-7.643601E0	-2.843898E2	-1.428391E1	-4.940784E2
7.998880E-1	-3.790637E0	-2.837892E2	-4.850632E0	-4.940293E2
8.165523E-1	1.037905E0	-2.845096E2	4.548125E0	-4.941197E2
8.332167E-1	5.039753E0	-2.846333E2	1.355811E1	-4.939452E2
8.498810E-1	8.434906E0	-2.842600E2	2.249517E1	-4.939482E2
8.665453E-1	1.267495E1	-2.840734E2	3.210458E1	-4.933267E2
8.832097E-1	1.666270E1	-2.839634E2	4.042143E1	-4.927674E2
8.998740E-1	2.064723E1	-2.838491E2	4.776891E1	-4.918271E2
9.165383E-1	2.473123E1	-2.836808E2	5.595910E1	-4.913728E2
9.332027E-1	2.748176E1	-2.830240E2	6.361803E1	-4.902221E2
9.498670E-1	3.091717E1	-2.826744E2	6.995470E1	-4.891304E2
9.665313E-1	3.411946E1	-2.823973E2	7.534270E1	-4.878279E2
9.831957E-1	3.603790E1	-2.817284E2	8.078613E1	-4.867932E2
9.998600E-1	3.850220E1	-2.818974E2	8.560784E1	-4.861680E2
1.016524E0	4.076954E1	-2.816395E2	8.958406E1	-4.853084E2
1.033189E0	4.243233E1	-2.817287E2	9.292940E1	-4.848302E2
1.049853E0	4.293040E1	-2.807531E2	9.505688E1	-4.841524E2
1.066517E0	4.369663E1	-2.808554E2	9.655378E1	-4.839115E2
1.083182E0	4.393378E1	-2.807305E2	9.726979E1	-4.836387E2
1.099846E0	4.380834E1	-2.807721E2	9.728892E1	-4.836169E2
1.116510E0	4.308991E1	-2.806557E2	9.640404E1	-4.838532E2
1.133175E0	4.196781E1	-2.807353E2	9.506504E1	-4.840175E2
1.149839E0	4.156574E1	-2.816369E2	9.283324E1	-4.845765E2
1.166503E0	3.969834E1	-2.816642E2	8.921316E1	-4.850045E2
1.183168E0	3.723858E1	-2.820635E2	8.522964E1	-4.855762E2
1.199832E0	3.464080E1	-2.819886E2	8.093050E1	-4.866226E2
1.216496E0	3.240273E1	-2.827910E2	7.530204E1	-4.875261E2
1.233161E0	2.938681E1	-2.829365E2	6.969208E1	-4.885614E2
1.249825E0	2.588346E1	-2.828210E2	6.268703E1	-4.899242E2
1.266489E0	2.209165E1	-2.828228E2	5.563018E1	-4.915225E2
1.283154E0	1.911681E1	-2.835536E2	4.795492E1	-4.918135E2
1.299818E0	1.496539E1	-2.838952E2	3.907649E1	-4.920482E2
1.316482E0	1.104963E1	-2.839416E2	3.011501E1	-4.937938E2
1.333147E0	7.843951E0	-2.847362E2	2.084748E1	-4.936972E2
1.349811E0	2.945469E0	-2.840130E2	1.142548E1	-4.940694E2
1.366475E0	-9.105380E-1	-2.839315E2	1.299953E0	-4.939864E2
1.383140E0	-4.757653E0	-2.844302E2	-8.556999E0	-4.934762E2
1.399804E0	-8.432027E0	-2.843458E2	-1.817696E1	-4.926014E2
1.416468E0	-1.199768E1	-2.838854E2	-2.704850E1	-4.924436E2
1.433133E0	-1.621398E1	-2.833076E2	-3.575095E1	-4.923093E2
1.449797E0	-1.949079E1	-2.834744E2	-4.453842E1	-4.921269E2
1.466461E0	-2.254397E1	-2.834914E2	-5.293588E1	-4.904273E2
1.483126E0	-2.620589E1	-2.823658E2	-6.051931E1	-4.896674E2
1.499790E0	-2.874442E1	-2.827599E2	-6.814627E1	-4.883217E2
1.516454E0	-3.109478E1	-2.821858E2	-7.534052E1	-4.870535E2
1.533119E0	-3.310954E1	-2.820894E2	-8.133902E1	-4.860303E2
1.549783E0	-3.574861E1	-2.817512E2	-8.671978E1	-4.850228E2
1.566447E0	-3.725831E1	-2.814226E2	-9.022362E1	-4.843916E2
1.583112E0	-3.840559E1	-2.815370E2	-9.348201E1	-4.833624E2
1.599776E0	-3.920385E1	-2.812877E2	-9.621368E1	-4.826750E2
1.616440E0	-3.995441E1	-2.811182E2	-9.762146E1	-4.826944E2
1.633105E0	-4.031018E1	-2.814092E2	-9.844328E1	-4.828163E2
1.649769E0	-4.029509E1	-2.813872E2	-9.812313E1	-4.827429E2
1.666433E0	-4.003600E1	-2.811083E2	-9.725899E1	-4.830307E2
1.683098E0	-3.944161E1	-2.815872E2	-9.534818E1	-4.833098E2
1.699762E0	-3.845757E1	-2.815853E2	-9.231702E1	-4.842621E2
1.716426E0	-3.738832E1	-2.815835E2	-8.857670E1	-4.847751E2
1.733091E0	-3.508380E1	-2.820132E2	-8.413514E1	-4.858554E2
1.749755E0	-3.321956E1	-2.822623E2	-7.880976E1	-4.868197E2
1.766419E0	-3.130654E1	-2.824455E2	-7.280805E1	-4.879198E2
1.783084E0	-2.822618E1	-2.830919E2	-6.627450E1	-4.889370E2
1.799748E0	-2.559029E1	-2.835293E2	-5.901485E1	-4.898581E2
1.816412E0	-2.200130E1	-2.837662E2	-5.118766E1	-4.906936E2
1.833077E0	-1.949518E1	-2.835348E2	-4.251153E1	-4.920723E2
1.849741E0	-1.631006E1	-2.833801E2	-3.427208E1	-4.921523E2
1.866405E0	-1.204015E1	-2.838651E2	-2.585509E1	-4.923219E2
1.883070E0	-8.371672E0	-2.841782E2	-1.653165E1	-4.933990E2
1.899734E0	-4.568528E0	-2.843534E2	-7.927615E0	-4.937642E2
1.916398E0	-6.892601E-1	-2.844994E2	1.635482E0	-4.941314E2
1.933063E0	3.398631E0	-2.843809E2	1.035685E1	-4.937136E2
1.949727E0	7.431345E0	-2.842512E2	1.901672E1	-4.936851E2
1.966391E0	1.145846E1	-2.842249E2	2.797096E1	-4.935323E2
1.983056E0	1.542303E1	-2.841212E2	3.716842E1	-4.924110E2
1.999720E0	1.943191E1	-2.840023E2	4.496980E1	-4.917943E2
2.016384E0	2.238841E1	-2.832383E2	5.215585E1	-4.909778E2
2.033049E0	2.602993E1	-2.827642E2	5.994896E1	-4.910392E2
2.049713E0	2.960654E1	-2.828759E2	6.606815E1	-4.896174E2
2.066377E0	3.268418E1	-2.827117E2	7.218319E1	-4.884739E2
2.083042E0	3.554856E1	-2.826620E2	7.794847E1	-4.873888E2
2.099706E0	3.751089E1	-2.819418E2	8.208481E1	-4.857258E2
2.116370E0	3.952207E1	-2.818305E2	8.645563E1	-4.852008E2
2.133035E0	4.125079E1	-2.817782E2	8.984094E1	-4.844381E2
2.149699E0	4.263064E1	-2.816567E2	9.262558E1	-4.840347E2
2.166363E0	4.366538E1	-2.815676E2	9.406821E1	-4.835041E2
2.183028E0	4.300577E1	-2.807107E2	9.506056E1	-4.834245E2
2.199692E0	4.298495E1	-2.807090E2	9.551577E1	-4.833326E2
2.216356E0	4.353498E1	-2.816175E2	9.494611E1	-4.837003E2
2.233021E0	4.260983E1	-2.816148E2	9.385040E1	-4.839482E2
2.249685E0	4.134298E1	-2.817755E2	9.164569E1	-4.845228E2
2.266349E0	3.952557E1	-2.818853E2	8.902147E1	-4.850726E2
2.283014E0	3.742649E1	-2.820236E2	8.505900E1	-4.855431E2
2.299678E0	3.593080E1	-2.825051E2	8.086943E1	-4.863426E2
2.316342E0	3.296793E1	-2.825412E2	7.563973E1	-4.872294E2
2.333007E0	2.994731E1	-2.826728E2	7.010458E1	-4.881532E2
2.349671E0	2.628942E1	-2.832278E2	6.375799E1	-4.896783E2
2.366335E0	2.382472E1	-2.836510E2	5.638594E1	-4.904783E2
2.383000E0	2.017634E1	-2.835461E2	4.836582E1	-4.913988E2
2.399664E0	1.625025E1	-2.842290E2	4.053741E1	-4.921294E2
2.416328E0	1.231165E1	-2.843231E2	3.166925E1	-4.927500E2
2.432993E0	8.420342E0	-2.843286E2	2.304304E1	-4.932040E2
2.449657E0	4.641167E0	-2.842184E2	1.366080E1	-4.935767E2
2.466321E0	4.920073E-1	-2.843612E2	4.732413E0	-4.939178E2
2.482986E0	-3.190848E0	-2.840902E2	-4.399710E0	-4.941195E2
2.499650E0	-6.979437E0	-2.840577E2	-1.438386E1	-4.948059E2
2.516314E0	-1.057505E1	-2.843896E2	-2.419062E1	-4.941816E2
2.532979E0	-1.408516E1	-2.839608E2	-3.353946E1	-4.940132E2
2.549643E0	-1.806450E1	-2.832300E2	-4.169866E1	-4.922218E2
2.566307E0	-2.123947E1	-2.832707E2	-4.990706E1	-4.909326E2
2.582972E0	-2.412499E1	-2.829833E2	-5.823691E1	-4.902201E2
2.599636E0	-2.747169E1	-2.825938E2	-6.530260E1	-4.889619E2
2.616300E0	-2.912631E1	-2.828239E2	-7.176062E1	-4.880866E2
2.632965E0	-3.203013E1	-2.821338E2	-7.779820E1	-4.868632E2
2.649629E0	-3.452043E1	-2.817618E2	-8.298601E1	-4.863575E2
2.666293E0	-3.612373E1	-2.814623E2	-8.766782E1	-4.852262E2
2.682958E0	-3.746423E1	-2.816343E2	-9.116226E1	-4.845673E2
2.699622E0	-3.856559E1	-2.816877E2	-9.381958E1	-4.835102E2
2.716286E0	-3.923110E1	-2.812950E2	-9.581182E1	-4.831985E2
2.732951E0	-3.964258E1	-2.816452E2	-9.663787E1	-4.830868E2
2.749615E0	-3.961894E1	-2.816351E2	-9.686886E1	-4.832508E2
2.766279E0	-3.944552E1	-2.815890E2	-9.579321E1	-4.832659E2
2.782944E0	-3.835890E1	-2.821801E2	-9.401674E1	-4.836084E2
2.799608E0	-3.815536E1	-2.813162E2	-9.164473E1	-4.844305E2
2.816272E0	-3.634287E1	-2.822357E2	-8.827898E1	-4.851967E2
2.832937E0	-3.500739E1	-2.819772E2	-8.406782E1	-4.860592E2
2.849601E0	-3.327505E1	-2.823322E2	-7.900399E1	-4.871251E2
2.866265E0	-3.137535E1	-2.825087E2	-7.332145E1	-4.882611E2
2.882930E0	-2.841345E1	-2.833089E2	-6.709151E1	-4.896068E2
2.899594E0	-2.592092E1	-2.829688E2	-6.067110E1	-4.908691E2
2.916258E0	-2.312503E1	-2.832255E2	-5.310467E1	-4.917236E2
2.932923E0	-2.022504E1	-2.833381E2	-4.529214E1	-4.924901E2
2.949587E0	-1.614076E1	-2.840075E2	-3.591807E1	-4.936588E2
2.966251E0	-1.270469E1	-2.843815E2	-2.787559E1	-4.937577E2
2.982916E0	-9.203320E0	-2.840820E2	-1.879105E1	-4.939840E2
2.999580E0	-5.457636E0	-2.843106E2	-9.659669E0	-4.945246E2
3.016244E0	-1.687992E0	-2.844026E2	-1.316187E0	-4.942495E2
3.032909E0	3.100384E0	-2.846118E2	7.537395E0	-4.941707E2
3.049573E0	7.123962E0	-2.845403E2	1.669977E1	-4.939887E2
3.066237E0	1.013277E1	-2.838532E2	2.494990E1	-4.933871E2
3.082902E0	1.402256E1	-2.838219E2	3.306500E1	-4.927313E2
3.099566E0	1.803238E1	-2.837245E2	4.107168E1	-4.919931E2
3.116230E0	2.182180E1	-2.837905E2	4.904475E1	-4.913211E2
3.132895E0	2.533670E1	-2.839370E2	5.623064E1	-4.905767E2
3.149559E0	2.780509E1	-2.829276E2	6.398176E1	-4.896510E2
3.166223E0	3.106021E1	-2.826064E2	7.006532E1	-4.887038E2
3.182888E0	3.396491E1	-2.825491E2	7.626414E1	-4.881697E2
3.199552E0	3.564200E1	-2.819580E2	8.072341E1	-4.870597E2
3.216216E0	3.789844E1	-2.817009E2	8.473825E1	-4.862984E2
3.232881E0	3.971095E1	-2.817167E2	8.805749E1	-4.853093E2
3.249545E0	4.103768E1	-2.814130E2	9.127846E1	-4.851533E2
3.266209E0	4.227791E1	-2.817464E2	9.243874E1	-4.845337E2
3.282874E0	4.266590E1	-2.815710E2	9.392361E1	-4.839823E2
3.299538E0	4.287173E1	-2.814476E2	9.478343E1	-4.838617E2
3.316202E0	4.253461E1	-2.816740E2	9.436651E1	-4.840998E2
3.332867E0	4.183944E1	-2.815516E2	9.323585E1	-4.842308E2
3.349531E0	4.073737E1	-2.816420E2	9.182646E1	-4.847349E2
3.366195E0	3.902539E1	-2.815978E2	8.860524E1	-4.851809E2
3.382860E0	3.726951E1	-2.820647E2	8.481337E1	-4.856852E2
3.399524E0	3.575273E1	-2.825373E2	8.060899E1	-4.866694E2
3.416188E0	3.293259E1	-2.826371E2	7.553041E1	-4.875791E2
3.432853E0	3.019933E1	-2.826083E2	6.995170E1	-4.883405E2
3.449517E0	2.698017E1	-2.828362E2	6.375855E1	-4.893880E2
3.466181E0	2.446698E1	-2.838560E2	5.685133E1	-4.907509E2
3.482846E0	2.084571E1	-2.837632E2	4.962984E1	-4.912663E2
3.499510E0	1.716089E1	-2.836413E2	4.171796E1	-4.919775E2
3.516174E0	1.319546E1	-2.837180E2	3.358948E1	-4.928523E2
3.532839E0	9.355117E0	-2.843525E2	2.509905E1	-4.940707E2
3.549503E0	5.618652E0	-2.842215E2	1.560772E1	-4.943594E2
3.566167E0	1.663725E0	-2.841381E2	6.140616E0	-4.944276E2
3.582832E0	-2.050147E0	-2.840657E2	-2.409265E0	-4.944806E2
3.599496E0	-5.684004E0	-2.843818E2	-1.173775E1	-4.940081E2
3.616160E0	-9.340910E0	-2.842198E2	-2.054620E1	-4.937615E2
3.632825E0	-1.288602E1	-2.838124E2	-2.946527E1	-4.930010E2
3.649489E0	-1.612668E1	-2.839128E2	-3.830540E1	-4.924185E2
3.666153E0	-1.928095E1	-2.839738E2	-4.724038E1	-4.916673E2
3.682818E0	-2.317635E1	-2.832361E2	-5.467200E1	-4.906519E2
3.699482E0	-2.559679E1	-2.834113E2	-6.150847E1	-4.902592E2
3.716146E0	-2.801640E1	-2.827841E2	-6.793295E1	-4.890184E2
3.732811E0	-3.104740E1	-2.822234E2	-7.359039E1	-4.882434E2
3.749475E0	-3.303870E1	-2.820008E2	-7.926967E1	-4.873265E2
3.766139E0	-3.445111E1	-2.822980E2	-8.403448E1	-4.865926E2
3.782804E0	-3.655671E1	-2.817771E2	-8.757668E1	-4.851862E2
3.799468E0	-3.763869E1	-2.818098E2	-9.089136E1	-4.849382E2
3.816132E0	-3.832021E1	-2.814912E2	-9.263516E1	-4.846736E2
3.832797E0	-3.893078E1	-2.812096E2	-9.399383E1	-4.847433E2
3.849461E0	-3.910000E1	-2.812505E2	-9.428856E1	-4.840566E2
3.866125E0	-3.910669E1	-2.812567E2	-9.367760E1	-4.842194E2
3.882790E0	-3.859475E1	-2.817499E2	-9.262111E1	-4.845661E2
3.899454E0	-3.772437E1	-2.817642E2	-8.986790E1	-4.849979E2
3.916118E0	-3.619651E1	-2.819844E2	-8.678041E1	-4.856907E2
3.932783E0	-3.535735E1	-2.816676E2	-8.328258E1	-4.864481E2
3.949447E0	-3.314383E1	-2.821389E2	-7.841410E1	-4.871439E2
3.966111E0	-3.124112E1	-2.824067E2	-7.296588E1	-4.882498E2
3.982776E0	-2.906095E1	-2.823078E2	-6.683791E1	-4.891800E2
3.999440E0	-2.615763E1	-2.830510E2	-6.143789E1	-4.896160E2
4.016104E0	-2.335624E1	-2.833233E2	-5.439731E1	-4.910428E2
4.032769E0	-2.056393E1	-2.836366E2	-4.690797E1	-4.917514E2
4.049433E0	-1.738635E1	-2.835426E2	-3.839960E1	-4.926242E2
4.066097E0	-1.331544E1	-2.841424E2	-3.074262E1	-4.933314E2
4.082762E0	-9.963177E0	-2.839803E2	-2.222657E1	-4.934842E2
4.099426E0	-6.328827E0	-2.842214E2	-1.373147E1	-4.938391E2
4.116090E0	-2.451060E0	-2.842658E2	-4.519170E0	-4.938541E2
4.132755E0	1.085425E0	-2.839594E2	4.023877E0	-4.936528E2
4.149419E0	5.846373E0	-2.847289E2	1.357983E1	-4.937098E2
4.166083E0	8.824856E0	-2.840895E2	2.196761E1	-4.936796E2
4.182748E0	1.275962E1	-2.839944E2	3.062025E1	-4.933711E2
4.199412E0	1.656891E1	-2.840078E2	3.861938E1	-4.925461E2
4.216076E0	2.027655E1	-2.840473E2	4.639141E1	-4.918856E2
4.232741E0	2.391968E1	-2.835454E2	5.383836E1	-4.912231E2
4.249405E0	2.629063E1	-2.832002E2	6.057638E1	-4.904616E2
4.266069E0	2.949766E1	-2.829413E2	6.683890E1	-4.892099E2
4.282734E0	3.244692E1	-2.828709E2	7.221070E1	-4.882670E2
4.299398E0	3.523615E1	-2.828612E2	7.761206E1	-4.876736E2
4.316062E0	3.657882E1	-2.819740E2	8.200543E1	-4.869968E2
4.332727E0	3.853664E1	-2.818581E2	8.595070E1	-4.867558E2
4.349391E0	3.988691E1	-2.816207E2	8.903684E1	-4.858295E2
4.366055E0	4.105704E1	-2.814432E2	9.122470E1	-4.855451E2
4.382720E0	4.162440E1	-2.816461E2	9.261179E1	-4.850840E2
4.399384E0	4.193114E1	-2.814248E2	9.345777E1	-4.851031E2
4.416048E0	4.185040E1	-2.814952E2	9.340984E1	-4.851190E2
4.432713E0	4.131449E1	-2.818006E2	9.220041E1	-4.850392E2
4.449377E0	4.014805E1	-2.814362E2	9.025006E1	-4.854504E2
4.466041E0	3.858942E1	-2.818114E2	8.784790E1	-4.858035E2
4.482706E0	3.681212E1	-2.817771E2	8.426810E1	-4.865543E2
4.499370E0	3.466550E1	-2.819897E2	8.029568E1	-4.873563E2
4.516034E0	3.315528E1	-2.823847E2	7.595996E1	-4.880628E2
4.532699E0	3.044186E1	-2.829485E2	7.035709E1	-4.890023E2
4.549363E0	2.747076E1	-2.830496E2	6.415201E1	-4.897479E2
4.566027E0	2.403067E1	-2.828528E2	5.742794E1	-4.907593E2
4.582692E0	2.162348E1	-2.837910E2	5.013332E1	-4.914357E2
4.599356E0	1.789895E1	-2.837697E2	4.195200E1	-4.919476E2
4.616020E0	1.427068E1	-2.842390E2	3.454048E1	-4.930425E2
4.632685E0	1.049929E1	-2.842524E2	2.642436E1	-4.940197E2
4.649349E0	6.823629E0	-2.839930E2	1.780789E1	-4.939977E2
4.666013E0	2.931366E0	-2.840441E2	8.894500E0	-4.942277E2
4.682678E0	-8.538453E-1	-2.839153E2	-2.618467E-2	-4.941094E2
4.699342E0	-4.485502E0	-2.843929E2	-8.887844E0	-4.939182E2
4.716006E0	-7.926675E0	-2.838534E2	-1.778282E1	-4.937527E2
4.732671E0	-1.149320E1	-2.842395E2	-2.645468E1	-4.937969E2
4.749335E0	-1.556216E1	-2.836139E2	-3.526406E1	-4.931596E2
4.765999E0	-1.866683E1	-2.835126E2	-4.373560E1	-4.923560E2
4.782664E0	-2.170641E1	-2.835588E2	-5.060264E1	-4.908604E2
4.799328E0	-2.434602E1	-2.832619E2	-5.785648E1	-4.901109E2
4.815992E0	-2.736946E1	-2.826295E2	-6.508049E1	-4.890146E2
4.832657E0	-2.906725E1	-2.827978E2	-7.130376E1	-4.881484E2
4.849321E0	-3.167937E1	-2.826909E2	-7.597763E1	-4.881008E2
4.865985E0	-3.348398E1	-2.824727E2	-8.070907E1	-4.871188E2
4.882650E0	-3.501267E1	-2.819120E2	-8.470136E1	-4.864940E2
4.899314E0	-3.602314E1	-2.818567E2	-8.808610E1	-4.857707E2
4.915978E0	-3.761739E1	-2.817693E2	-9.052335E1	-4.851096E2
4.932643E0	-3.818222E1	-2.813822E2	-9.177288E1	-4.849092E2
4.949307E0	-3.843484E1	-2.815778E2	-9.272105E1	-4.849077E2
4.965971E0	-3.842619E1	-2.815713E2	-9.252415E1	-4.848478E2
4.982636E0	-3.811147E1	-2.813050E2	-9.156359E1	-4.849826E2
4.999300E0	-3.729337E1	-2.814573E2	-8.931358E1	-4.854338E2
5.015964E0	-3.649017E1	-2.817299E2	-8.677612E1	-4.858769E2
5.032629E0	-3.447688E1	-2.824100E2	-8.325422E1	-4.865704E2
5.049293E0	-3.313928E1	-2.821865E2	-7.880248E1	-4.873662E2
5.065957E0	-3.125898E1	-2.823727E2	-7.392404E1	-4.881934E2
5.082622E0	-2.920099E1	-2.823734E2	-6.826952E1	-4.889653E2
5.099286E0	-2.627969E1	-2.831976E2	-6.199605E1	-4.901808E2
5.115950E0	-2.376459E1	-2.836466E2	-5.576655E1	-4.907761E2
5.132615E0	-2.098483E1	-2.830650E2	-4.820824E1	-4.918872E2
5.149279E0	-1.716007E1	-2.839180E2	-4.059554E1	-4.929628E2
5.165943E0	-1.388442E1	-2.837451E2	-3.171267E1	-4.940332E2
5.182608E0	-1.056554E1	-2.843480E2	-2.297660E1	-4.944298E2
5.199272E0	-7.041787E0	-2.839432E2	-1.532624E1	-4.943072E2
5.215936E0	-3.470302E0	-2.843531E2	-6.243158E0	-4.942063E2
5.232601E0	1.147606E-2	-2.839673E2	1.895659E0	-4.943085E2
5.249265E0	3.703341E0	-2.841573E2	1.085992E1	-4.940125E2
5.265929E0	7.477770E0	-2.842725E2	1.944081E1	-4.936020E2
5.282594E0	1.144093E1	-2.841950E2	2.783697E1	-4.931420E2
5.299258E0	1.517641E1	-2.836505E2	3.543392E1	-4.927420E2
5.315922E0	1.869840E1	-2.839584E2	4.284856E1	-4.919415E2
5.332587E0	2.253551E1	-2.839019E2	4.992445E1	-4.912644E2
5.349251E0	2.493339E1	-2.828695E2	5.700953E1	-4.910355E2
5.365915E0	2.802882E1	-2.826975E2	6.351759E1	-4.902545E2
5.382580E0	3.089868E1	-2.826752E2	6.962878E1	-4.894198E2
5.399244E0	3.349261E1	-2.828267E2	7.480358E1	-4.884818E2
5.415908E0	3.566954E1	-2.826421E2	7.893139E1	-4.876492E2
5.432573E0	3.691750E1	-2.817221E2	8.319392E1	-4.871486E2
5.449237E0	3.844504E1	-2.819578E2	8.604999E1	-4.866437E2
5.465901E0	3.968363E1	-2.817323E2	8.876573E1	-4.861763E2
5.482566E0	4.039590E1	-2.818259E2	9.002256E1	-4.855852E2
5.499230E0	4.077537E1	-2.816557E2	9.110966E1	-4.854694E2
5.515894E0	4.076661E1	-2.816597E2	9.109636E1	-4.854612E2
5.532559E0	4.028211E1	-2.819274E2	9.019202E1	-4.854250E2
5.549223E0	3.954565E1	-2.817986E2	8.921029E1	-4.858443E2
5.565887E0	3.815611E1	-2.815037E2	8.700221E1	-4.862620E2
5.582552E0	3.661895E1	-2.818640E2	8.405624E1	-4.868370E2
5.599216E0	3.458146E1	-2.820371E2	8.014413E1	-4.873871E2
5.615880E0	3.324593E1	-2.828804E2	7.596542E1	-4.885341E2
5.632545E0	3.055433E1	-2.828355E2	7.084729E1	-4.890604E2
5.649209E0	2.784190E1	-2.827833E2	6.526425E1	-4.895503E2
5.665873E0	2.461466E1	-2.830691E2	5.882368E1	-4.906974E2
5.682538E0	2.232182E1	-2.840032E2	5.178482E1	-4.920319E2
5.699202E0	1.882043E1	-2.837461E2	4.363117E1	-4.920324E2
5.715866E0	1.507241E1	-2.837045E2	3.674670E1	-4.932545E2
5.732531E0	1.139998E1	-2.841460E2	2.810006E1	-4.935462E2
5.749195E0	7.558905E0	-2.841745E2	1.978768E1	-4.940210E2
5.765859E0	4.106534E0	-2.838997E2	1.151093E1	-4.946849E2
5.782524E0	4.321944E-1	-2.844059E2	2.486252E0	-4.941350E2
5.799188E0	-3.316353E0	-2.842733E2	-6.134993E0	-4.937834E2
5.815852E0	-6.124902E0	-2.846725E2	-1.572871E1	-4.937744E2
5.832517E0	-1.015471E1	-2.840089E2	-2.394560E1	-4.932925E2
5.849181E0	-1.349723E1	-2.842008E2	-3.230287E1	-4.927454E2
5.865845E0	-1.730551E1	-2.833787E2	-4.083517E1	-4.929790E2
5.882510E0	-2.024079E1	-2.832513E2	-4.824438E1	-4.922130E2
5.899174E0	-2.306526E1	-2.830627E2	-5.558994E1	-4.920232E2
5.915838E0	-2.566038E1	-2.834608E2	-6.195189E1	-4.907165E2
5.932503E0	-2.855569E1	-2.826700E2	-6.820117E1	-4.893346E2
5.949167E0	-3.055630E1	-2.825253E2	-7.375377E1	-4.885561E2
5.965831E0	-3.243387E1	-2.823524E2	-7.807264E1	-4.875102E2
5.982496E0	-3.464151E1	-2.817758E2	-8.215242E1	-4.865833E2
5.999160E0	-3.589825E1	-2.811381E2	-8.528598E1	-4.858873E2
6.015824E0	-3.690517E1	-2.810805E2	-8.789665E1	-4.855559E2
6.032489E0	-3.744650E1	-2.815382E2	-8.938769E1	-4.851523E2
6.049153E0	-3.790791E1	-2.810214E2	-9.014639E1	-4.849316E2
6.065817E0	-3.792791E1	-2.810416E2	-9.021788E1	-4.849450E2
6.082482E0	-3.771000E1	-2.817841E2	-8.954257E1	-4.851116E2
6.099146E0	-3.719308E1	-2.813593E2	-8.795036E1	-4.854797E2
6.115810E0	-3.634953E1	-2.815656E2	-8.544889E1	-4.859158E2
6.132475E0	-3.526126E1	-2.814914E2	-8.219205E1	-4.864275E2
6.149139E0	-3.303018E1	-2.819886E2	-7.836620E1	-4.874926E2
6.165803E0	-3.135391E1	-2.824392E2	-7.405778E1	-4.882708E2
6.182468E0	-2.944693E1	-2.825810E2	-6.830550E1	-4.890216E2
6.199132E0	-2.645946E1	-2.833480E2	-6.253960E1	-4.900606E2
6.215796E0	-2.402068E1	-2.830294E2	-5.597152E1	-4.908030E2
6.232461E0	-2.138259E1	-2.833816E2	-4.895537E1	-4.915832E2
6.249125E0	-1.834001E1	-2.833842E2	-4.229426E1	-4.920998E2
6.265789E0	-1.552427E1	-2.835662E2	-3.410118E1	-4.924413E2
6.282454E0	-1.122320E1	-2.840725E2	-2.582165E1	-4.929974E2
6.299118E0	-7.822549E0	-2.837254E2	-1.764901E1	-4.934187E2
6.315782E0	-4.460997E0	-2.842779E2	-8.745053E0	-4.937363E2
6.332447E0	-9.839488E-1	-2.839650E2	-3.924173E-1	-4.936081E2
6.349111E0	2.751618E0	-2.841153E2	8.042661E0	-4.935910E2
6.365775E0	6.554787E0	-2.841855E2	1.627830E1	-4.934468E2
6.382440E0	1.022184E1	-2.837092E2	2.410121E1	-4.935548E2
6.399104E0	1.389005E1	-2.838369E2	3.173900E1	-4.931260E2
6.415768E0	1.753224E1	-2.839525E2	3.948630E1	-4.924081E2
6.432433E0	2.097891E1	-2.835393E2	4.761535E1	-4.914747E2
6.449097E0	2.348851E1	-2.831850E2	5.395931E1	-4.905781E2
6.465761E0	2.675426E1	-2.829849E2	6.056670E1	-4.896957E2
6.482426E0	2.941082E1	-2.829932E2	6.723392E1	-4.890124E2
6.499090E0	3.218606E1	-2.824265E2	7.237722E1	-4.882064E2
6.515754E0	3.414871E1	-2.823001E2	7.654686E1	-4.874228E2
6.532419E0	3.532707E1	-2.821225E2	8.057770E1	-4.868348E2
6.549083E0	3.726758E1	-2.820309E2	8.381138E1	-4.863828E2
6.565747E0	3.843214E1	-2.818923E2	8.605361E1	-4.857747E2
6.582412E0	3.930591E1	-2.819669E2	8.789694E1	-4.854073E2
6.599076E0	3.976534E1	-2.816846E2	8.923053E1	-4.851546E2
6.615740E0	3.975948E1	-2.816878E2	8.958683E1	-4.852735E2
6.632405E0	3.953175E1	-2.818520E2	8.910516E1	-4.852240E2
6.649069E0	3.876380E1	-2.817345E2	8.780198E1	-4.854673E2
6.665733E0	3.769119E1	-2.818273E2	8.572938E1	-4.856847E2
6.682398E0	3.611134E1	-2.816526E2	8.308499E1	-4.863412E2
6.699062E0	3.537415E1	-2.828177E2	7.992043E1	-4.867902E2
6.715726E0	3.334359E1	-2.829544E2	7.548863E1	-4.877407E2
6.732391E0	3.072484E1	-2.827631E2	7.055508E1	-4.885858E2
6.749055E0	2.788086E1	-2.827884E2	6.551354E1	-4.895355E2
6.765719E0	2.506380E1	-2.827743E2	5.970939E1	-4.905662E2
6.782384E0	2.260421E1	-2.838058E2	5.289642E1	-4.914614E2
6.799048E0	1.961871E1	-2.839187E2	4.556720E1	-4.919650E2
6.815712E0	1.613298E1	-2.837181E2	3.805505E1	-4.926430E2
6.832377E0	1.250828E1	-2.842146E2	3.022926E1	-4.932397E2
6.849041E0	8.784728E0	-2.840674E2	2.140781E1	-4.931930E2
6.865705E0	5.001823E0	-2.839691E2	1.278923E1	-4.933991E2
6.882370E0	1.539765E0	-2.842775E2	4.357354E0	-4.939029E2
6.899034E0	-1.970843E0	-2.840100E2	-4.115776E0	-4.942681E2
6.915698E0	-5.470811E0	-2.843347E2	-1.296345E1	-4.935417E2
6.932363E0	-8.956008E0	-2.839333E2	-2.121797E1	-4.930703E2
6.949027E0	-1.226395E1	-2.840924E2	-2.942583E1	-4.934138E2
6.965691E0	-1.622986E1	-2.833662E2	-3.720789E1	-4.930405E2
6.982356E0	-1.904926E1	-2.831728E2	-4.444953E1	-4.922672E2
6.999020E0	-2.203103E1	-2.830734E2	-5.180780E1	-4.911642E2
7.015684E0	-2.445260E1	-2.833108E2	-5.824584E1	-4.903970E2
7.032349E0	-2.756776E1	-2.825745E2	-6.472166E1	-4.898919E2
7.049013E0	-2.962882E1	-2.825494E2	-7.012566E1	-4.890049E2
7.065677E0	-3.137534E1	-2.823263E2	-7.501746E1	-4.882187E2
7.082342E0	-3.298643E1	-2.819075E2	-7.930306E1	-4.874258E2
7.099006E0	-3.513146E1	-2.813427E2	-8.308324E1	-4.865459E2
7.115670E0	-3.601837E1	-2.811261E2	-8.579097E1	-4.859057E2
7.132335E0	-3.674232E1	-2.817379E2	-8.772581E1	-4.856785E2
7.148999E0	-3.721919E1	-2.813509E2	-8.847203E1	-4.852996E2
7.165663E0	-3.729999E1	-2.813982E2	-8.854182E1	-4.852350E2
7.182328E0	-3.724345E1	-2.813864E2	-8.820787E1	-4.853772E2
7.198992E0	-3.610291E1	-2.819277E2	-8.662468E1	-4.856160E2
7.215656E0	-3.532309E1	-2.821496E2	-8.478562E1	-4.864589E2
7.232321E0	-3.423933E1	-2.821749E2	-8.194538E1	-4.871836E2
7.248985E0	-3.296177E1	-2.819493E2	-7.803159E1	-4.878450E2
7.265649E0	-3.132164E1	-2.824599E2	-7.371705E1	-4.885589E2
7.282314E0	-2.889449E1	-2.828143E2	-6.875140E1	-4.893175E2
7.298978E0	-2.738007E1	-2.825914E2	-6.317259E1	-4.903056E2
7.315642E0	-2.439527E1	-2.833157E2	-5.741923E1	-4.908618E2
7.332307E0	-2.173491E1	-2.836124E2	-4.981168E1	-4.912399E2
7.348971E0	-1.817017E1	-2.838341E2	-4.205786E1	-4.920024E2
7.365635E0	-1.511332E1	-2.838953E2	-3.527264E1	-4.923759E2
7.382300E0	-1.188134E1	-2.838160E2	-2.807051E1	-4.927793E2
7.398964E0	-8.650550E0	-2.844266E2	-1.982260E1	-4.930677E2
7.415628E0	-5.271246E0	-2.842267E2	-1.172247E1	-4.935536E2
7.432293E0	-1.127439E0	-2.847605E2	-3.363398E0	-4.938372E2
7.448957E0	2.613402E0	-2.849599E2	5.257090E0	-4.937510E2
7.465621E0	6.148265E0	-2.844924E2	1.353040E1	-4.934947E2
7.482286E0	9.657967E0	-2.848732E2	2.151751E1	-4.935275E2
7.498950E0	1.259161E1	-2.841396E2	2.912414E1	-4.928725E2
7.515614E0	1.618409E1	-2.836612E2	3.691653E1	-4.923726E2
7.532279E0	1.963005E1	-2.839165E2	4.434464E1	-4.916449E2
7.548943E0	2.295559E1	-2.835889E2	5.116359E1	-4.907439E2
7.565607E0	2.605093E1	-2.833862E2	5.768246E1	-4.904313E2
7.582272E0	2.813277E1	-2.826644E2	6.426613E1	-4.899917E2
7.598936E0	3.053598E1	-2.829518E2	6.942685E1	-4.895040E2
7.615600E0	3.282117E1	-2.826995E2	7.392940E1	-4.887782E2
7.632265E0	3.500179E1	-2.823951E2	7.780992E1	-4.877291E2
7.648929E0	3.588007E1	-2.818405E2	8.182311E1	-4.872196E2
7.665593E0	3.735468E1	-2.819975E2	8.467706E1	-4.867144E2
7.682258E0	3.824801E1	-2.819621E2	8.681999E1	-4.864196E2
7.698922E0	3.876124E1	-2.817244E2	8.804029E1	-4.862713E2
7.715586E0	3.895922E1	-2.816087E2	8.885568E1	-4.861387E2
7.732251E0	3.894757E1	-2.816132E2	8.858723E1	-4.861095E2
7.748915E0	3.819102E1	-2.815627E2	8.742677E1	-4.864749E2
7.765579E0	3.716451E1	-2.816134E2	8.554273E1	-4.865820E2
7.782244E0	3.561009E1	-2.819792E2	8.320954E1	-4.866368E2
7.798908E0	3.489239E1	-2.824841E2	7.979304E1	-4.865103E2
7.815572E0	3.189834E1	-2.818307E2	7.583509E1	-4.873484E2
7.832237E0	3.062058E1	-2.827729E2	7.158149E1	-4.885367E2
7.848901E0	2.810468E1	-2.826403E2	6.556027E1	-4.893630E2
7.865565E0	2.614091E1	-2.833829E2	6.058528E1	-4.916374E2
7.882230E0	2.301371E1	-2.835977E2	5.322296E1	-4.916777E2
7.898894E0	2.001888E1	-2.835821E2	4.690018E1	-4.924301E2
7.915558E0	1.667843E1	-2.838920E2	3.986266E1	-4.935148E2
7.932223E0	1.302560E1	-2.838203E2	3.156054E1	-4.942167E2
7.948887E0	9.561081E0	-2.841948E2	2.320207E1	-4.944430E2
7.965551E0	6.050802E0	-2.839219E2	1.551659E1	-4.947094E2
7.982216E0	2.520522E0	-2.842673E2	6.239816E0	-4.947663E2
7.998880E0	-9.942132E-1	-2.839982E2	-1.780368E0	-4.946887E2
8.015544E0	-4.461081E0	-2.843217E2	-9.493218E0	-4.937240E2
8.032209E0	-7.788050E0	-2.838162E2	-1.884530E1	-4.934545E2
8.048873E0	-1.110660E1	-2.839676E2	-2.681746E1	-4.930363E2
8.065537E0	-1.515081E1	-2.833085E2	-3.439218E1	-4.927412E2
8.082202E0	-1.819000E1	-2.832667E2	-4.067450E1	-4.922976E2
8.098866E0	-2.091438E1	-2.830116E2	-4.844045E1	-4.912035E2
8.115530E0	-2.344832E1	-2.833131E2	-5.455259E1	-4.911658E2
8.132195E0	-2.654541E1	-2.827175E2	-6.071659E1	-4.904955E2
8.148859E0	-2.858117E1	-2.826558E2	-6.653375E1	-4.897478E2
8.165523E0	-3.045152E1	-2.824901E2	-7.172083E1	-4.888301E2
8.182188E0	-3.201286E1	-2.820517E2	-7.633983E1	-4.878861E2
8.198852E0	-3.338352E1	-2.823404E2	-8.004330E1	-4.870536E2
8.215516E0	-3.447625E1	-2.823799E2	-8.279540E1	-4.867325E2
8.232181E0	-3.528598E1	-2.821079E2	-8.512846E1	-4.859257E2
8.248845E0	-3.643228E1	-2.815979E2	-8.606777E1	-4.858562E2
8.265509E0	-3.602308E1	-2.818586E2	-8.649040E1	-4.860162E2
8.282174E0	-3.603268E1	-2.818862E2	-8.631436E1	-4.859304E2
8.298838E0	-3.620102E1	-2.814913E2	-8.538302E1	-4.860114E2
8.315502E0	-3.557689E1	-2.817867E2	-8.335682E1	-4.864483E2
8.332167E0	-3.384627E1	-2.818170E2	-8.070099E1	-4.869956E2
8.348831E0	-3.255460E1	-2.824998E2	-7.753374E1	-4.875675E2
8.365495E0	-3.109486E1	-2.822476E2	-7.332620E1	-4.884151E2
8.382160E0	-2.948341E1	-2.826260E2	-6.865166E1	-4.889880E2
8.398824E0	-2.741275E1	-2.826319E2	-6.353800E1	-4.897854E2
8.415488E0	-2.439970E1	-2.833174E2	-5.764046E1	-4.905893E2
8.432153E0	-2.189875E1	-2.829864E2	-5.134836E1	-4.915559E2
8.448817E0	-1.931628E1	-2.833723E2	-4.470370E1	-4.922593E2
8.465481E0	-1.626648E1	-2.833806E2	-3.718432E1	-4.927465E2
8.482146E0	-1.250887E1	-2.842579E2	-2.968079E1	-4.932746E2
8.498810E0	-9.393306E0	-2.842397E2	-2.171315E1	-4.937739E2
8.515474E0	-5.992005E0	-2.839309E2	-1.366445E1	-4.940561E2
8.532139E0	-2.576444E0	-2.843744E2	-5.319540E0	-4.941851E2
8.548803E0	9.431532E-1	-2.840059E2	3.112836E0	-4.942665E2
8.565467E0	4.397137E0	-2.842733E2	1.103372E1	-4.940855E2
8.582132E0	8.002724E0	-2.838878E2	1.902478E1	-4.938104E2
8.598796E0	1.144662E1	-2.842037E2	2.688817E1	-4.937057E2
8.615460E0	1.493508E1	-2.838699E2	3.444736E1	-4.930968E2
8.632125E0	1.839153E1	-2.840859E2	4.167246E1	-4.926755E2
8.648789E0	2.166855E1	-2.838110E2	4.809631E1	-4.921362E2
8.665453E0	2.473061E1	-2.836906E2	5.400603E1	-4.915607E2
8.682118E0	2.659584E1	-2.830909E2	6.048753E1	-4.911022E2
8.698782E0	2.935142E1	-2.831071E2	6.581323E1	-4.897164E2
8.715446E0	3.170024E1	-2.828303E2	7.058190E1	-4.892802E2
8.732111E0	3.369365E1	-2.827239E2	7.519620E1	-4.882438E2
8.748775E0	3.542595E1	-2.827654E2	7.865775E1	-4.877785E2
8.765439E0	3.683666E1	-2.825428E2	8.252809E1	-4.876489E2
8.782104E0	3.703521E1	-2.817236E2	8.407910E1	-4.872933E2
8.798768E0	3.764278E1	-2.819011E2	8.646410E1	-4.869536E2
8.815432E0	3.805211E1	-2.815974E2	8.616868E1	-4.870355E2
8.832097E0	3.795857E1	-2.816801E2	8.732518E1	-4.868831E2
8.848761E0	3.736377E1	-2.819702E2	8.567089E1	-4.856454E2
8.865425E0	3.662157E1	-2.818456E2	8.396693E1	-4.871249E2
8.882090E0	3.539193E1	-2.820573E2	8.180818E1	-4.875630E2
8.898754E0	3.388859E1	-2.817909E2	7.875685E1	-4.878935E2
8.915418E0	3.286274E1	-2.825210E2	7.507292E1	-4.886681E2
8.932083E0	3.086240E1	-2.826542E2	7.039859E1	-4.890870E2
8.948747E0	2.843652E1	-2.830069E2	6.515385E1	-4.897078E2
8.965411E0	2.571983E1	-2.829615E2	6.012342E1	-4.907699E2
8.982076E0	2.281345E1	-2.829900E2	5.395734E1	-4.913524E2
8.998740E0	2.052881E1	-2.839043E2	4.760251E1	-4.921216E2
9.015404E0	1.742212E1	-2.839181E2	3.997488E1	-4.931817E2
9.032069E0	1.386456E1	-2.838767E2	3.223439E1	-4.933728E2
9.048733E0	1.054184E1	-2.841688E2	2.414409E1	-4.935770E2
9.065397E0	7.037414E0	-2.839331E2	1.617491E1	-4.938809E2
9.082062E0	3.549213E0	-2.842848E2	8.205273E0	-4.940792E2
9.098726E0	1.110552E-1	-2.839363E2	-1.484885E-1	-4.941836E2
9.115390E0	-3.378429E0	-2.843141E2	-8.143090E0	-4.943513E2
9.132055E0	-6.685214E0	-2.844213E2	-1.608587E1	-4.943877E2
9.148719E0	-9.935306E0	-2.838269E2	-2.368467E1	-4.938138E2
9.165383E0	-1.321148E1	-2.839834E2	-3.066702E1	-4.927522E2
9.182048E0	-1.688631E1	-2.830193E2	-3.853688E1	-4.927259E2
9.198712E0	-1.963252E1	-2.834575E2	-4.684897E1	-4.924803E2
9.215376E0	-2.230408E1	-2.831164E2	-5.359505E1	-4.913340E2
9.232041E0	-2.536757E1	-2.825646E2	-5.912454E1	-4.906480E2
9.248705E0	-2.742637E1	-2.825014E2	-6.486055E1	-4.900920E2
9.265369E0	-2.948856E1	-2.824542E2	-6.983112E1	-4.892793E2
9.282034E0	-3.112399E1	-2.822002E2	-7.423307E1	-4.887151E2
9.298698E0	-3.242061E1	-2.824270E2	-7.767388E1	-4.879353E2
9.315362E0	-3.348109E1	-2.824084E2	-8.034980E1	-4.872243E2
9.332027E0	-3.523603E1	-2.815226E2	-8.253976E1	-4.869248E2
9.348691E0	-3.497212E1	-2.818251E2	-8.406286E1	-4.868178E2
9.365355E0	-3.598884E1	-2.812300E2	-8.560822E1	-4.866797E2
9.382020E0	-3.531433E1	-2.821914E2	-8.555795E1	-4.866833E2
9.398684E0	-3.508800E1	-2.819712E2	-8.431312E1	-4.866915E2
9.415348E0	-3.437265E1	-2.822219E2	-8.292189E1	-4.869945E2
9.432013E0	-3.341958E1	-2.823235E2	-8.048210E1	-4.873919E2
9.448677E0	-3.233742E1	-2.823371E2	-7.722066E1	-4.879675E2
9.465341E0	-3.082625E1	-2.819446E2	-7.383699E1	-4.890501E2
9.482006E0	-2.922913E1	-2.823901E2	-6.936801E1	-4.899948E2
9.498670E0	-2.745203E1	-2.826370E2	-6.427488E1	-4.902041E2
9.515334E0	-2.458036E1	-2.834542E2	-5.913974E1	-4.908383E2
9.531999E0	-2.218370E1	-2.832048E2	-5.274573E1	-4.919139E2
9.548663E0	-1.959875E1	-2.835783E2	-4.624296E1	-4.924898E2
9.565327E0	-1.600732E1	-2.837782E2	-3.863558E1	-4.926904E2
9.581992E0	-1.297062E1	-2.838268E2	-3.165359E1	-4.936143E2
9.598656E0	-1.003021E1	-2.839321E2	-2.384603E1	-4.939735E2
9.615320E0	-6.734086E0	-2.844388E2	-1.624270E1	-4.940625E2
9.631985E0	-3.375004E0	-2.842299E2	-8.623906E0	-4.942334E2
9.648649E0	-2.975378E-2	-2.840059E2	-1.971891E-1	-4.940960E2
9.665313E0	4.091169E0	-2.845921E2	7.605422E0	-4.940488E2
9.681978E0	6.909511E0	-2.839695E2	1.551651E1	-4.938533E2
9.698642E0	1.032870E1	-2.843185E2	2.350982E1	-4.932315E2
9.715306E0	1.358648E1	-2.841244E2	3.120104E1	-4.929858E2
9.731971E0	1.701386E1	-2.836826E2	3.837559E1	-4.927247E2
9.748635E0	2.031977E1	-2.840234E2	4.542375E1	-4.912703E2
9.765299E0	2.243281E1	-2.831934E2	5.223543E1	-4.908553E2
9.781964E0	2.522199E1	-2.831420E2	5.794228E1	-4.899599E2
9.798628E0	2.777899E1	-2.828073E2	6.347771E1	-4.892909E2
9.815292E0	3.014155E1	-2.825710E2	6.824460E1	-4.889183E2
9.831957E0	3.215246E1	-2.823408E2	7.271267E1	-4.883294E2
9.848621E0	3.301339E1	-2.817783E2	7.595411E1	-4.877298E2
9.865285E0	3.448332E1	-2.819677E2	7.902927E1	-4.870671E2
9.881950E0	3.554329E1	-2.819925E2	8.156477E1	-4.864527E2
9.898614E0	3.625827E1	-2.820599E2	8.341238E1	-4.863526E2
9.915278E0	3.683090E1	-2.817164E2	8.411126E1	-4.864432E2
9.931943E0	3.682183E1	-2.817216E2	8.409754E1	-4.862731E2
9.948607E0	3.656463E1	-2.819117E2	8.385521E1	-4.862623E2
9.965271E0	3.579454E1	-2.817941E2	8.250731E1	-4.865436E2
9.981936E0	3.500635E1	-2.816847E2	8.073345E1	-4.865914E2
9.998600E0	3.347483E1	-2.820592E2	7.803944E1	-4.870557E2
