#multi:
	mass A		mass B		
t	x	y	x	y	
0.000000E0	4.243392E1	-2.764872E2	-6.253025E1	-4.670479E2
1.666450E-2	3.779057E1	-2.773343E2	-5.608270E1	-4.735740E2
3.332900E-2	3.265968E1	-2.779155E2	-4.651810E1	-4.790787E2
4.999350E-2	2.547737E1	-2.787011E2	-3.619487E1	-4.850329E2
6.665800E-2	1.713151E1	-2.795421E2	-2.479863E1	-4.893368E2
8.332250E-2	9.051869E0	-2.799998E2	-1.207225E1	-4.934022E2
9.998700E-2	-1.355311E-1	-2.804352E2	2.265942E0	-4.934053E2
1.166515E-1	-8.996416E0	-2.805801E2	1.578460E1	-4.919579E2
1.333160E-1	-1.736400E1	-2.803972E2	2.784838E1	-4.866617E2
1.499805E-1	-2.426463E1	-2.801140E2	3.800885E1	-4.805557E2
1.666450E-1	-3.106570E1	-2.803548E2	4.695922E1	-4.743292E2
1.833095E-1	-3.600835E1	-2.803844E2	5.473582E1	-4.702167E2
1.999740E-1	-3.990551E1	-2.800924E2	5.946178E1	-4.646657E2
2.166385E-1	-4.318935E1	-2.803948E2	6.185879E1	-4.607017E2
2.333030E-1	-4.455701E1	-2.800653E2	6.385039E1	-4.588524E2
2.499675E-1	-4.514831E1	-2.800523E2	6.364185E1	-4.587075E2
2.666320E-1	-4.472835E1	-2.797835E2	6.176242E1	-4.596035E2
2.832965E-1	-4.306484E1	-2.796153E2	5.888873E1	-4.621392E2
2.999610E-1	-4.050644E1	-2.793896E2	5.178365E1	-4.668311E2
3.166255E-1	-3.645654E1	-2.796030E2	4.462761E1	-4.725094E2
3.332900E-1	-3.111279E1	-2.800499E2	3.524322E1	-4.788703E2
3.499545E-1	-2.475874E1	-2.806771E2	2.439488E1	-4.851790E2
3.666190E-1	-1.758676E1	-2.813563E2	1.156751E1	-4.910297E2
3.832835E-1	-9.379993E0	-2.820487E2	-2.430518E0	-4.941286E2
3.999480E-1	-9.315445E-1	-2.826222E2	-1.692768E1	-4.950698E2
4.166125E-1	7.575015E0	-2.827077E2	-3.200277E1	-4.933499E2
4.332770E-1	1.511358E1	-2.824147E2	-4.498004E1	-4.887581E2
4.499415E-1	2.241558E1	-2.818120E2	-5.629502E1	-4.815230E2
4.666060E-1	2.799664E1	-2.811630E2	-6.662887E1	-4.752334E2
4.832705E-1	3.288620E1	-2.803740E2	-7.289885E1	-4.672290E2
4.999350E-1	3.683165E1	-2.795405E2	-7.861508E1	-4.613683E2
5.165995E-1	3.994843E1	-2.787698E2	-8.246821E1	-4.569172E2
5.332640E-1	4.136363E1	-2.784338E2	-8.482855E1	-4.548304E2
5.499285E-1	4.186931E1	-2.785074E2	-8.487016E1	-4.545284E2
5.665930E-1	4.159800E1	-2.786454E2	-8.367688E1	-4.555211E2
5.832575E-1	3.951697E1	-2.790964E2	-8.061630E1	-4.589019E2
5.999220E-1	3.733247E1	-2.796287E2	-7.567417E1	-4.640652E2
6.165865E-1	3.300748E1	-2.802501E2	-6.859635E1	-4.702961E2
6.332510E-1	2.859677E1	-2.809677E2	-6.001311E1	-4.772551E2
6.499155E-1	2.235223E1	-2.816818E2	-4.950465E1	-4.847276E2
6.665800E-1	1.496389E1	-2.821882E2	-3.782066E1	-4.905405E2
6.832445E-1	7.072018E0	-2.824876E2	-2.401482E1	-4.932431E2
6.999090E-1	-1.150135E0	-2.825690E2	-9.624363E0	-4.951078E2
7.165735E-1	-9.278539E0	-2.823239E2	5.730882E0	-4.930987E2
7.332380E-1	-1.656761E1	-2.819416E2	1.902683E1	-4.893617E2
7.499025E-1	-2.370289E1	-2.813503E2	3.151174E1	-4.848480E2
7.665670E-1	-2.932883E1	-2.809579E2	4.183615E1	-4.786284E2
7.832315E-1	-3.456958E1	-2.802832E2	5.153352E1	-4.720319E2
7.998960E-1	-3.775826E1	-2.800048E2	5.794967E1	-4.656705E2
8.165605E-1	-4.022526E1	-2.797398E2	6.326602E1	-4.611475E2
8.332250E-1	-4.123620E1	-2.797000E2	6.601514E1	-4.585823E2
8.498895E-1	-4.149235E1	-2.796904E2	6.787326E1	-4.573355E2
8.665540E-1	-4.063253E1	-2.798806E2	6.784472E1	-4.573542E2
8.832185E-1	-3.847199E1	-2.800572E2	6.593589E1	-4.601690E2
8.998830E-1	-3.586296E1	-2.803901E2	6.337607E1	-4.648044E2
9.165475E-1	-3.136942E1	-2.808830E2	5.760831E1	-4.705050E2
9.332120E-1	-2.616442E1	-2.813762E2	4.977475E1	-4.766591E2
9.498765E-1	-1.976584E1	-2.817303E2	4.018592E1	-4.830663E2
9.665410E-1	-1.241345E1	-2.820889E2	2.889061E1	-4.888985E2
9.832055E-1	-4.822723E0	-2.822892E2	1.736711E1	-4.928291E2
9.998700E-1	3.788731E0	-2.823310E2	3.631289E0	-4.947598E2
1.016534E0	1.247352E1	-2.820150E2	-1.058681E1	-4.942829E2
1.033199E0	2.009282E1	-2.815869E2	-2.341253E1	-4.913989E2
1.049863E0	2.686596E1	-2.811942E2	-3.550819E1	-4.864456E2
1.066528E0	3.336676E1	-2.803988E2	-4.555894E1	-4.800790E2
1.083193E0	3.867296E1	-2.796154E2	-5.399050E1	-4.745177E2
1.099857E0	4.214412E1	-2.791828E2	-6.058299E1	-4.685292E2
1.116522E0	4.530952E1	-2.785226E2	-6.562541E1	-4.646695E2
1.133186E0	4.661270E1	-2.782955E2	-6.848205E1	-4.614029E2
1.149851E0	4.680970E1	-2.783092E2	-6.907551E1	-4.605083E2
1.166515E0	4.616506E1	-2.781986E2	-6.889523E1	-4.612385E2
1.183180E0	4.450550E1	-2.785077E2	-6.808643E1	-4.632782E2
1.199844E0	4.114216E1	-2.791272E2	-6.405780E1	-4.684458E2
1.216508E0	3.727132E1	-2.795489E2	-5.857514E1	-4.732066E2
1.233173E0	3.173204E1	-2.804912E2	-5.133973E1	-4.793209E2
1.249838E0	2.507233E1	-2.811969E2	-4.227406E1	-4.852644E2
1.266502E0	1.836353E1	-2.817954E2	-3.180358E1	-4.901072E2
1.283167E0	9.579021E0	-2.822331E2	-2.018243E1	-4.938009E2
1.299831E0	9.536258E-1	-2.824834E2	-6.761895E0	-4.958093E2
1.316496E0	-7.496576E0	-2.823597E2	5.790015E0	-4.941853E2
1.333160E0	-1.562249E1	-2.820609E2	1.765011E1	-4.906651E2
1.349824E0	-2.339529E1	-2.815376E2	2.952334E1	-4.867935E2
1.366489E0	-2.976281E1	-2.809834E2	3.849212E1	-4.812221E2
1.383154E0	-3.538796E1	-2.803515E2	4.547974E1	-4.753290E2
1.399818E0	-3.934135E1	-2.798422E2	5.176176E1	-4.704397E2
1.416483E0	-4.265299E1	-2.793988E2	5.553237E1	-4.663616E2
1.433147E0	-4.411936E1	-2.791595E2	5.766524E1	-4.640137E2
1.449812E0	-4.503086E1	-2.789863E2	5.829942E1	-4.630953E2
1.466476E0	-4.471629E1	-2.791040E2	5.765338E1	-4.636762E2
1.483140E0	-4.350897E1	-2.793641E2	5.336836E1	-4.672236E2
1.499805E0	-4.089762E1	-2.797921E2	4.980914E1	-4.710909E2
1.516469E0	-3.695150E1	-2.803262E2	4.263367E1	-4.766247E2
1.533134E0	-3.208307E1	-2.809086E2	3.355569E1	-4.818058E2
1.549799E0	-2.636464E1	-2.813613E2	2.462421E1	-4.884894E2
1.566463E0	-1.904784E1	-2.819520E2	1.267869E1	-4.931713E2
1.583128E0	-1.167492E1	-2.822573E2	-8.834113E-1	-4.963982E2
1.599792E0	-3.463954E0	-2.824331E2	-1.484307E1	-4.970016E2
1.616456E0	4.616769E0	-2.823811E2	-2.994876E1	-4.946592E2
1.633121E0	1.304978E1	-2.819407E2	-4.237827E1	-4.909568E2
1.649785E0	1.964077E1	-2.816787E2	-5.272592E1	-4.861392E2
1.666450E0	2.548118E1	-2.811277E2	-6.253562E1	-4.794409E2
1.683115E0	3.114804E1	-2.805353E2	-6.947496E1	-4.739419E2
1.699779E0	3.559693E1	-2.799495E2	-7.582906E1	-4.683952E2
1.716444E0	3.834500E1	-2.795243E2	-7.805737E1	-4.647520E2
1.733108E0	4.012279E1	-2.792792E2	-7.944083E1	-4.628313E2
1.749772E0	4.087329E1	-2.792371E2	-7.949376E1	-4.619364E2
1.766437E0	4.081570E1	-2.792317E2	-7.818858E1	-4.628261E2
1.783101E0	3.949903E1	-2.794252E2	-7.624426E1	-4.649502E2
1.799766E0	3.728592E1	-2.795995E2	-7.080928E1	-4.697782E2
1.816430E0	3.340140E1	-2.802812E2	-6.437629E1	-4.751407E2
1.833095E0	2.917570E1	-2.806607E2	-5.627604E1	-4.808290E2
1.849760E0	2.321160E1	-2.814091E2	-4.603183E1	-4.868153E2
1.866424E0	1.686115E1	-2.818301E2	-3.326345E1	-4.918898E2
1.883089E0	9.169773E0	-2.823473E2	-1.904011E1	-4.956057E2
1.899753E0	1.454875E0	-2.824572E2	-5.214097E0	-4.970539E2
1.916418E0	-6.375815E0	-2.825056E2	9.159104E0	-4.958497E2
1.933082E0	-1.387112E1	-2.822084E2	2.320406E1	-4.924856E2
1.949747E0	-2.013864E1	-2.818305E2	3.546976E1	-4.879584E2
1.966411E0	-2.602974E1	-2.813844E2	4.576467E1	-4.822100E2
1.983076E0	-3.054610E1	-2.810028E2	5.405146E1	-4.755199E2
1.999740E0	-3.430327E1	-2.805635E2	6.131144E1	-4.700107E2
2.016405E0	-3.626188E1	-2.802192E2	6.532323E1	-4.658301E2
2.033069E0	-3.776500E1	-2.801135E2	6.710257E1	-4.631261E2
2.049733E0	-3.802956E1	-2.800073E2	6.857319E1	-4.622104E2
2.066398E0	-3.727625E1	-2.801504E2	6.888884E1	-4.632825E2
2.083063E0	-3.590276E1	-2.803875E2	6.643378E1	-4.654324E2
2.099727E0	-3.293650E1	-2.806869E2	6.290943E1	-4.692420E2
2.116392E0	-2.874418E1	-2.811516E2	5.798830E1	-4.749965E2
2.133056E0	-2.407436E1	-2.816409E2	5.066637E1	-4.804210E2
2.149720E0	-1.815491E1	-2.820303E2	4.111568E1	-4.866921E2
2.166385E0	-1.165297E1	-2.822813E2	2.891230E1	-4.919148E2
2.183050E0	-4.133567E0	-2.824928E2	1.559823E1	-4.954969E2
2.199714E0	3.764860E0	-2.824206E2	1.884551E0	-4.971189E2
2.216379E0	1.204646E1	-2.819829E2	-1.199095E1	-4.964838E2
2.233043E0	1.911914E1	-2.816679E2	-2.509330E1	-4.934746E2
2.249707E0	2.538520E1	-2.812201E2	-3.692437E1	-4.882131E2
2.266372E0	3.153836E1	-2.805237E2	-4.720497E1	-4.829186E2
2.283037E0	3.652879E1	-2.798440E2	-5.640549E1	-4.769848E2
2.299701E0	3.969632E1	-2.794794E2	-6.236137E1	-4.724818E2
2.316365E0	4.183906E1	-2.792797E2	-6.684444E1	-4.688398E2
2.333030E0	4.370343E1	-2.788198E2	-7.020830E1	-4.659007E2
2.349695E0	4.374074E1	-2.787760E2	-7.139674E1	-4.651940E2
2.366359E0	4.223088E1	-2.790756E2	-7.115382E1	-4.657796E2
2.383024E0	4.030371E1	-2.793308E2	-6.901388E1	-4.688362E2
2.399688E0	3.757041E1	-2.796888E2	-6.627997E1	-4.718999E2
2.416352E0	3.295508E1	-2.802615E2	-6.142214E1	-4.768858E2
2.433017E0	2.788778E1	-2.809669E2	-5.388041E1	-4.830114E2
2.449682E0	2.123845E1	-2.815512E2	-4.466370E1	-4.884225E2
2.466346E0	1.441932E1	-2.819662E2	-3.402511E1	-4.927870E2
2.483010E0	5.872816E0	-2.824158E2	-2.231915E1	-4.959162E2
2.499675E0	-2.291538E0	-2.825035E2	-1.003231E1	-4.975915E2
2.516339E0	-1.051683E1	-2.823440E2	2.561813E0	-4.960518E2
2.533004E0	-1.798542E1	-2.820066E2	1.411891E1	-4.929702E2
2.549669E0	-2.525035E1	-2.815525E2	2.574827E1	-4.887511E2
2.566333E0	-3.102340E1	-2.809712E2	3.525301E1	-4.834941E2
2.582997E0	-3.603860E1	-2.803077E2	4.115809E1	-4.783989E2
2.599662E0	-3.982233E1	-2.798564E2	4.587765E1	-4.737774E2
2.616326E0	-4.249382E1	-2.795305E2	5.176936E1	-4.695091E2
2.632991E0	-4.362490E1	-2.792394E2	5.373269E1	-4.677276E2
2.649655E0	-4.394327E1	-2.791538E2	5.182570E1	-4.673978E2
2.666320E0	-4.360907E1	-2.793039E2	5.345011E1	-4.678600E2
2.682984E0	-4.154015E1	-2.796129E2	4.959829E1	-4.712142E2
2.699649E0	-3.836239E1	-2.800527E2	4.617020E1	-4.750614E2
2.716314E0	-3.438128E1	-2.805469E2	3.933434E1	-4.797450E2
2.732978E0	-2.918083E1	-2.811672E2	3.014895E1	-4.854184E2
2.749642E0	-2.322352E1	-2.816204E2	2.002924E1	-4.907845E2
2.766307E0	-1.584165E1	-2.820693E2	8.094824E0	-4.949289E2
2.782971E0	-8.303633E0	-2.823964E2	-4.656771E0	-4.964507E2
2.799636E0	-4.748908E-1	-2.825103E2	-1.681375E1	-4.968802E2
2.816300E0	7.868934E0	-2.824135E2	-2.974396E1	-4.949690E2
2.832965E0	1.547117E1	-2.818798E2	-4.087892E1	-4.912320E2
2.849629E0	2.171988E1	-2.815837E2	-5.123226E1	-4.857943E2
2.866294E0	2.795636E1	-2.807557E2	-5.886418E1	-4.808687E2
2.882958E0	3.233462E1	-2.803766E2	-6.605986E1	-4.746941E2
2.899623E0	3.665834E1	-2.798113E2	-7.007378E1	-4.706157E2
2.916287E0	3.908127E1	-2.794218E2	-7.224206E1	-4.676609E2
2.932952E0	4.048890E1	-2.793174E2	-7.408818E1	-4.657387E2
2.949617E0	4.100871E1	-2.791658E2	-7.332850E1	-4.659819E2
2.966281E0	4.055066E1	-2.793528E2	-7.055589E1	-4.679586E2
2.982946E0	3.908194E1	-2.794395E2	-6.825088E1	-4.698349E2
2.999610E0	3.664805E1	-2.798063E2	-6.275976E1	-4.742288E2
3.016275E0	3.248898E1	-2.804339E2	-5.440122E1	-4.800650E2
3.032939E0	2.770918E1	-2.809472E2	-4.506786E1	-4.857740E2
3.049604E0	2.159153E1	-2.815419E2	-3.413472E1	-4.907436E2
3.066268E0	1.529782E1	-2.819178E2	-2.201995E1	-4.948550E2
3.082933E0	7.494356E0	-2.823245E2	-8.978070E0	-4.975284E2
3.099597E0	-1.661687E-1	-2.825033E2	5.352586E0	-4.973555E2
3.116262E0	-7.443844E0	-2.824185E2	1.780948E1	-4.950286E2
3.132926E0	-1.417412E1	-2.821116E2	2.999853E1	-4.913630E2
3.149591E0	-2.032478E1	-2.818994E2	4.126452E1	-4.858128E2
3.166255E0	-2.573133E1	-2.814211E2	5.121456E1	-4.798498E2
3.182920E0	-2.943178E1	-2.810896E2	5.864917E1	-4.750683E2
3.199584E0	-3.285496E1	-2.808075E2	6.404557E1	-4.694235E2
3.216249E0	-3.497500E1	-2.805374E2	6.479311E1	-4.671660E2
3.232913E0	-3.607982E1	-2.803713E2	6.687672E1	-4.652306E2
3.249578E0	-3.609587E1	-2.803789E2	6.746565E1	-4.651927E2
3.266242E0	-3.498323E1	-2.805343E2	6.520183E1	-4.666945E2
3.282907E0	-3.288423E1	-2.807527E2	6.414795E1	-4.693057E2
3.299571E0	-2.977009E1	-2.810356E2	5.917275E1	-4.735644E2
3.316236E0	-2.604235E1	-2.814055E2	5.200319E1	-4.789204E2
3.332900E0	-2.056128E1	-2.818849E2	4.242582E1	-4.848561E2
3.349565E0	-1.448859E1	-2.821446E2	3.149617E1	-4.901885E2
3.366229E0	-8.015283E0	-2.823703E2	1.923367E1	-4.947792E2
3.382894E0	-1.054791E0	-2.825163E2	5.824558E0	-4.975908E2
3.399558E0	6.353310E0	-2.823795E2	-8.181983E0	-4.979041E2
3.416222E0	1.406123E1	-2.818661E2	-2.173991E1	-4.951011E2
3.432887E0	2.044464E1	-2.815779E2	-3.463525E1	-4.911308E2
3.449552E0	2.588371E1	-2.812087E2	-4.505718E1	-4.857456E2
3.466216E0	3.125785E1	-2.804558E2	-5.420086E1	-4.807949E2
3.482881E0	3.548138E1	-2.799204E2	-6.135312E1	-4.758002E2
3.499545E0	3.788321E1	-2.797094E2	-6.671383E1	-4.718783E2
3.516209E0	3.928421E1	-2.794556E2	-7.036121E1	-4.689070E2
3.532874E0	3.988387E1	-2.794613E2	-7.253054E1	-4.674696E2
3.549539E0	3.938791E1	-2.794053E2	-7.235030E1	-4.677179E2
3.566203E0	3.802811E1	-2.795479E2	-7.215196E1	-4.688794E2
3.582868E0	3.488109E1	-2.802673E2	-6.943621E1	-4.718530E2
3.599532E0	3.152385E1	-2.805555E2	-6.433663E1	-4.767526E2
3.616197E0	2.732810E1	-2.808901E2	-5.810265E1	-4.815616E2
3.632861E0	2.116219E1	-2.815035E2	-5.020927E1	-4.866382E2
3.649526E0	1.497079E1	-2.818930E2	-4.063419E1	-4.912883E2
3.666190E0	6.955448E0	-2.822899E2	-2.976279E1	-4.947048E2
3.682854E0	-6.985073E-1	-2.824094E2	-1.757005E1	-4.968814E2
3.699519E0	-8.484092E0	-2.823337E2	-6.416568E0	-4.962982E2
3.716184E0	-1.616432E1	-2.822295E2	6.492323E0	-4.949148E2
3.732848E0	-2.266563E1	-2.816797E2	1.785144E1	-4.910289E2
3.749513E0	-2.846824E1	-2.811856E2	2.778657E1	-4.866979E2
3.766177E0	-3.339937E1	-2.806392E2	3.593544E1	-4.818461E2
3.782841E0	-3.715410E1	-2.801649E2	4.160160E1	-4.772419E2
3.799506E0	-4.007428E1	-2.799510E2	4.751758E1	-4.737026E2
3.816171E0	-4.194126E1	-2.795958E2	5.100562E1	-4.705973E2
3.832835E0	-4.233681E1	-2.795264E2	5.152858E1	-4.696267E2
3.849499E0	-4.191957E1	-2.795431E2	5.203881E1	-4.697256E2
3.866164E0	-4.004652E1	-2.798100E2	5.011382E1	-4.717171E2
3.882829E0	-3.735824E1	-2.800889E2	4.566931E1	-4.756152E2
3.899493E0	-3.354886E1	-2.806606E2	4.024703E1	-4.797429E2
3.916158E0	-2.864528E1	-2.811630E2	3.334558E1	-4.849577E2
3.932822E0	-2.285463E1	-2.818009E2	2.430948E1	-4.898095E2
3.949486E0	-1.641843E1	-2.822272E2	1.376905E1	-4.938424E2
3.966151E0	-9.051440E0	-2.823754E2	1.637733E0	-4.967033E2
3.982816E0	-1.159909E0	-2.825423E2	-1.038393E1	-4.969888E2
3.999480E0	6.517387E0	-2.823617E2	-2.205537E1	-4.958279E2
4.016145E0	1.445384E1	-2.819768E2	-3.393887E1	-4.930162E2
4.032809E0	2.067619E1	-2.816381E2	-4.300967E1	-4.886348E2
4.049474E0	2.630159E1	-2.811102E2	-5.219714E1	-4.828355E2
4.066138E0	3.166583E1	-2.805411E2	-5.810165E1	-4.786683E2
4.082803E0	3.527800E1	-2.800813E2	-6.379542E1	-4.740415E2
4.099467E0	3.860819E1	-2.795887E2	-6.629643E1	-4.708058E2
4.116132E0	4.026673E1	-2.793541E2	-6.693389E1	-4.703349E2
4.132796E0	4.088685E1	-2.793680E2	-6.631921E1	-4.699708E2
4.149460E0	4.062047E1	-2.793417E2	-6.464005E1	-4.710619E2
4.166125E0	3.935321E1	-2.794471E2	-6.082898E1	-4.737162E2
4.182790E0	3.707578E1	-2.796686E2	-5.668278E1	-4.773146E2
4.199454E0	3.298352E1	-2.802815E2	-5.017022E1	-4.817220E2
4.216119E0	2.887406E1	-2.808616E2	-4.131860E1	-4.865956E2
4.232783E0	2.274139E1	-2.815031E2	-3.115884E1	-4.914539E2
4.249448E0	1.674257E1	-2.818992E2	-2.051145E1	-4.947985E2
4.266112E0	9.101678E0	-2.822711E2	-8.206766E0	-4.972468E2
4.282776E0	1.886876E0	-2.825037E2	5.050012E0	-4.974769E2
4.299441E0	-5.457761E0	-2.824494E2	1.723391E1	-4.950315E2
4.316105E0	-1.201326E1	-2.823665E2	2.804076E1	-4.916005E2
4.332770E0	-1.816775E1	-2.820627E2	3.951004E1	-4.875811E2
4.349435E0	-2.360510E1	-2.816050E2	4.836610E1	-4.822544E2
4.366099E0	-2.772606E1	-2.812969E2	5.501941E1	-4.772033E2
4.382764E0	-3.077630E1	-2.809694E2	5.979660E1	-4.732645E2
4.399428E0	-3.309263E1	-2.807739E2	6.427862E1	-4.692776E2
4.416092E0	-3.466548E1	-2.805328E2	6.551635E1	-4.675637E2
4.432757E0	-3.493079E1	-2.805292E2	6.531997E1	-4.674538E2
4.449422E0	-3.422744E1	-2.806100E2	6.162547E1	-4.695032E2
4.466086E0	-3.220338E1	-2.809567E2	5.918755E1	-4.723510E2
4.482750E0	-2.927466E1	-2.811567E2	5.215719E1	-4.770152E2
4.499415E0	-2.581923E1	-2.814312E2	4.696201E1	-4.813467E2
4.516080E0	-2.088678E1	-2.818440E2	3.732342E1	-4.867912E2
4.532744E0	-1.506316E1	-2.821529E2	2.603749E1	-4.915802E2
4.549409E0	-9.136457E0	-2.824524E2	1.526509E1	-4.953762E2
4.566073E0	-2.382175E0	-2.825988E2	2.048471E0	-4.975353E2
4.582738E0	4.580108E0	-2.823929E2	-1.137700E1	-4.973873E2
4.599402E0	1.133553E1	-2.821817E2	-2.570019E1	-4.949902E2
4.616066E0	1.791056E1	-2.818227E2	-3.675139E1	-4.917053E2
4.632731E0	2.323918E1	-2.814241E2	-4.698715E1	-4.866203E2
4.649396E0	2.830804E1	-2.807711E2	-5.644566E1	-4.813208E2
4.666060E0	3.179252E1	-2.805148E2	-6.281773E1	-4.769713E2
4.682724E0	3.417793E1	-2.801847E2	-6.835893E1	-4.729252E2
4.699389E0	3.632786E1	-2.798210E2	-7.220365E1	-4.698130E2
4.716054E0	3.683226E1	-2.799036E2	-7.354059E1	-4.689063E2
4.732718E0	3.644652E1	-2.798463E2	-7.419897E1	-4.688932E2
4.749382E0	3.425772E1	-2.800929E2	-7.362863E1	-4.700246E2
4.766047E0	3.199534E1	-2.803350E2	-6.965494E1	-4.737771E2
4.782712E0	2.892238E1	-2.808187E2	-6.465941E1	-4.779545E2
4.799376E0	2.404786E1	-2.813418E2	-5.828534E1	-4.828122E2
4.816040E0	1.891495E1	-2.817711E2	-5.027180E1	-4.876169E2
4.832705E0	1.281221E1	-2.820701E2	-4.089997E1	-4.916546E2
4.849369E0	5.601703E0	-2.824473E2	-3.049281E1	-4.950786E2
4.866034E0	-1.805375E0	-2.824243E2	-1.834279E1	-4.968838E2
4.882699E0	-9.138221E0	-2.824374E2	-5.951505E0	-4.978548E2
4.899363E0	-1.582698E1	-2.821196E2	6.150036E0	-4.961195E2
4.916028E0	-2.196461E1	-2.817917E2	1.648846E1	-4.911786E2
4.932692E0	-2.778323E1	-2.813303E2	2.718748E1	-4.873879E2
4.949356E0	-3.221631E1	-2.808693E2	3.523149E1	-4.823129E2
4.966021E0	-3.564038E1	-2.804294E2	4.150850E1	-4.784735E2
4.982686E0	-3.784159E1	-2.800481E2	4.725556E1	-4.746043E2
4.999350E0	-3.914627E1	-2.799868E2	4.778323E1	-4.728029E2
5.016014E0	-3.939729E1	-2.799541E2	4.865552E1	-4.717177E2
5.032679E0	-3.879488E1	-2.800040E2	4.926992E1	-4.727811E2
5.049343E0	-3.652822E1	-2.802177E2	4.915773E1	-4.744239E2
5.066008E0	-3.413322E1	-2.806736E2	4.375685E1	-4.773842E2
5.082672E0	-2.989865E1	-2.810881E2	3.961784E1	-4.814084E2
5.099337E0	-2.516610E1	-2.815607E2	3.347760E1	-4.855001E2
5.116002E0	-1.918965E1	-2.819778E2	2.365520E1	-4.895928E2
5.132666E0	-1.298157E1	-2.822326E2	1.404624E1	-4.928051E2
5.149330E0	-5.753377E0	-2.824534E2	3.811242E0	-4.954621E2
5.165995E0	1.634296E0	-2.824661E2	-7.385834E0	-4.963951E2
5.182659E0	8.972301E0	-2.822270E2	-1.955275E1	-4.955603E2
5.199324E0	1.658126E1	-2.818568E2	-3.028226E1	-4.925955E2
5.215989E0	2.231373E1	-2.814263E2	-3.896206E1	-4.885923E2
5.232653E0	2.832729E1	-2.808004E2	-4.646503E1	-4.845262E2
5.249318E0	3.252734E1	-2.804924E2	-5.285119E1	-4.798746E2
5.265982E0	3.659242E1	-2.798495E2	-5.800664E1	-4.756204E2
5.282647E0	3.863203E1	-2.795644E2	-6.003597E1	-4.735967E2
5.299311E0	4.004884E1	-2.792711E2	-6.068180E1	-4.725919E2
5.315976E0	4.043447E1	-2.793786E2	-6.060910E1	-4.722581E2
5.332640E0	3.980199E1	-2.794301E2	-5.894779E1	-4.737743E2
5.349305E0	3.819806E1	-2.795191E2	-5.547429E1	-4.765350E2
5.365969E0	3.569775E1	-2.799714E2	-5.038423E1	-4.790704E2
5.382633E0	3.138217E1	-2.805109E2	-4.398542E1	-4.833182E2
5.399298E0	2.604109E1	-2.811100E2	-3.549248E1	-4.872733E2
5.415963E0	2.065202E1	-2.816414E2	-2.598974E1	-4.914581E2
5.432627E0	1.443749E1	-2.819284E2	-1.468134E1	-4.940260E2
5.449292E0	6.952274E0	-2.823942E2	-2.845820E0	-4.951539E2
5.465956E0	-1.888809E-1	-2.824824E2	8.179506E0	-4.947391E2
5.482621E0	-7.121338E0	-2.824985E2	1.979103E1	-4.924703E2
5.499285E0	-1.365630E1	-2.822550E2	2.990818E1	-4.889721E2
5.515949E0	-1.914826E1	-2.819643E2	3.920208E1	-4.849113E2
5.532614E0	-2.408557E1	-2.816473E2	4.580273E1	-4.796018E2
5.549279E0	-2.805487E1	-2.813566E2	5.141087E1	-4.750492E2
5.565943E0	-3.077265E1	-2.809617E2	5.538024E1	-4.711690E2
5.582607E0	-3.292450E1	-2.807501E2	5.747611E1	-4.690608E2
5.599272E0	-3.388770E1	-2.805878E2	5.958560E1	-4.691948E2
5.615937E0	-3.398880E1	-2.805888E2	5.825379E1	-4.693167E2
5.632601E0	-3.289639E1	-2.807650E2	5.622050E1	-4.713081E2
5.649266E0	-3.077153E1	-2.809742E2	5.032905E1	-4.734607E2
5.665930E0	-2.814619E1	-2.813268E2	4.401561E1	-4.784368E2
5.682595E0	-2.382019E1	-2.815513E2	3.680008E1	-4.827558E2
5.699259E0	-1.879940E1	-2.819551E2	2.761903E1	-4.873691E2
5.715923E0	-1.372971E1	-2.822009E2	1.673717E1	-4.911880E2
5.732588E0	-7.352331E0	-2.825269E2	5.654579E0	-4.937049E2
5.749253E0	-8.235284E-1	-2.825270E2	-6.747307E0	-4.949431E2
5.765917E0	5.666289E0	-2.823667E2	-2.033639E1	-4.933489E2
5.782582E0	1.203411E1	-2.822086E2	-3.132610E1	-4.917505E2
5.799246E0	1.803557E1	-2.817459E2	-4.234107E1	-4.873924E2
5.815911E0	2.283836E1	-2.815375E2	-5.171544E1	-4.826591E2
5.832575E0	2.740933E1	-2.809040E2	-5.929645E1	-4.775635E2
5.849239E0	3.038957E1	-2.806277E2	-6.453484E1	-4.734266E2
5.865904E0	3.231449E1	-2.804493E2	-6.878664E1	-4.699242E2
5.882569E0	3.344478E1	-2.803186E2	-7.166157E1	-4.686342E2
5.899233E0	3.352738E1	-2.803243E2	-7.239472E1	-4.682906E2
5.915897E0	3.280741E1	-2.804169E2	-7.192646E1	-4.694319E2
5.932562E0	3.118159E1	-2.804791E2	-6.965830E1	-4.712288E2
5.949226E0	2.859636E1	-2.808498E2	-6.613747E1	-4.749157E2
5.965891E0	2.432517E1	-2.812882E2	-5.993441E1	-4.791879E2
5.982556E0	2.010709E1	-2.816051E2	-5.350008E1	-4.834499E2
5.999220E0	1.476371E1	-2.819158E2	-4.445377E1	-4.885161E2
6.015885E0	8.125977E0	-2.823592E2	-3.433229E1	-4.922944E2
6.032549E0	1.542129E0	-2.825097E2	-2.226030E1	-4.945749E2
6.049213E0	-5.275292E0	-2.824865E2	-1.068184E1	-4.950453E2
6.065878E0	-1.200279E1	-2.822342E2	9.852789E-1	-4.935224E2
6.082543E0	-1.792369E1	-2.819824E2	1.101856E1	-4.910210E2
6.099207E0	-2.362550E1	-2.816041E2	2.174274E1	-4.883651E2
6.115871E0	-2.819171E1	-2.812911E2	3.017763E1	-4.841124E2
6.132536E0	-3.140382E1	-2.809852E2	3.756238E1	-4.794869E2
6.149201E0	-3.429828E1	-2.805830E2	4.275499E1	-4.764121E2
6.165865E0	-3.601419E1	-2.803523E2	4.725460E1	-4.739541E2
6.182530E0	-3.685110E1	-2.802748E2	4.963298E1	-4.725635E2
6.199194E0	-3.634583E1	-2.803508E2	5.033665E1	-4.725872E2
6.215859E0	-3.464884E1	-2.805573E2	4.827666E1	-4.729496E2
6.232523E0	-3.209800E1	-2.809217E2	4.739351E1	-4.763914E2
6.249187E0	-2.856220E1	-2.811449E2	4.159554E1	-4.787733E2
6.265852E0	-2.446711E1	-2.815604E2	3.808443E1	-4.844753E2
6.282516E0	-1.912938E1	-2.819399E2	2.993075E1	-4.885884E2
6.299181E0	-1.326328E1	-2.823242E2	2.142409E1	-4.926166E2
6.315846E0	-6.685730E0	-2.823811E2	9.925578E0	-4.954733E2
6.332510E0	3.074688E-1	-2.824837E2	-4.983967E-1	-4.967364E2
6.349175E0	7.266315E0	-2.823724E2	-1.225076E1	-4.963320E2
6.365839E0	1.459582E1	-2.819722E2	-2.227675E1	-4.947020E2
6.382503E0	2.066418E1	-2.816596E2	-3.187496E1	-4.917705E2
6.399168E0	2.569699E1	-2.812239E2	-4.001999E1	-4.876003E2
6.415833E0	3.082348E1	-2.806151E2	-4.665343E1	-4.839072E2
6.432497E0	3.413111E1	-2.801639E2	-5.151303E1	-4.807439E2
6.449161E0	3.740044E1	-2.795930E2	-5.618612E1	-4.766917E2
6.465826E0	3.889126E1	-2.796420E2	-5.707551E1	-4.757112E2
6.482490E0	3.934361E1	-2.794914E2	-5.832178E1	-4.749205E2
6.499155E0	3.885357E1	-2.795556E2	-5.583083E1	-4.767855E2
6.515820E0	3.756439E1	-2.797282E2	-5.331900E1	-4.786911E2
6.532484E0	3.440485E1	-2.801857E2	-4.903529E1	-4.816777E2
6.549149E0	3.105099E1	-2.804830E2	-4.421838E1	-4.847221E2
6.565813E0	2.617069E1	-2.810955E2	-3.689642E1	-4.891782E2
6.582477E0	2.124941E1	-2.815521E2	-2.797331E1	-4.926554E2
6.599142E0	1.531564E1	-2.818699E2	-1.842925E1	-4.954818E2
6.615806E0	8.232055E0	-2.822916E2	-8.184309E0	-4.968326E2
6.632471E0	1.474205E0	-2.824768E2	3.690847E0	-4.975834E2
6.649136E0	-5.528320E0	-2.824868E2	1.386313E1	-4.972919E2
6.665800E0	-1.198181E1	-2.822737E2	2.359399E1	-4.936789E2
6.682465E0	-1.734792E1	-2.820793E2	3.361291E1	-4.898150E2
6.699129E0	-2.269762E1	-2.816200E2	4.003182E1	-4.856455E2
6.715794E0	-2.691623E1	-2.813760E2	4.574077E1	-4.814757E2
6.732458E0	-2.955554E1	-2.810439E2	4.966732E1	-4.781823E2
6.749123E0	-3.207712E1	-2.808641E2	5.180268E1	-4.758783E2
6.765787E0	-3.330043E1	-2.806890E2	5.360476E1	-4.751502E2
6.782452E0	-3.353286E1	-2.806528E2	5.172891E1	-4.748479E2
6.799116E0	-3.287605E1	-2.807549E2	4.890951E1	-4.758747E2
6.815780E0	-3.096356E1	-2.809352E2	4.510085E1	-4.789134E2
6.832445E0	-2.870251E1	-2.812454E2	3.978542E1	-4.824346E2
6.849110E0	-2.491083E1	-2.815300E2	3.333056E1	-4.867728E2
6.865774E0	-2.022097E1	-2.818494E2	2.394575E1	-4.907343E2
6.882439E0	-1.523100E1	-2.822557E2	1.353261E1	-4.943257E2
6.899103E0	-9.344395E0	-2.824435E2	2.030207E0	-4.968114E2
6.915768E0	-3.128204E0	-2.825841E2	-9.211030E0	-4.981188E2
6.932432E0	3.311104E0	-2.824728E2	-2.090335E1	-4.970927E2
6.949097E0	8.999048E0	-2.821629E2	-3.222220E1	-4.940557E2
6.965761E0	1.546064E1	-2.818536E2	-4.263466E1	-4.910029E2
6.982426E0	2.012171E1	-2.815422E2	-5.125596E1	-4.866970E2
6.999090E0	2.392552E1	-2.814170E2	-6.013621E1	-4.817918E2
7.015754E0	2.771333E1	-2.809063E2	-6.464899E1	-4.790623E2
7.032419E0	2.970729E1	-2.806798E2	-6.839723E1	-4.758584E2
7.049084E0	3.113565E1	-2.804588E2	-7.076460E1	-4.741638E2
7.065748E0	3.157018E1	-2.805140E2	-7.212111E1	-4.728371E2
7.082413E0	3.094471E1	-2.806951E2	-7.075196E1	-4.743919E2
7.099077E0	2.958034E1	-2.807107E2	-6.769930E1	-4.767773E2
7.115742E0	2.731825E1	-2.808350E2	-6.366797E1	-4.799386E2
7.132406E0	2.331442E1	-2.813373E2	-5.902479E1	-4.829133E2
7.149070E0	1.940176E1	-2.816226E2	-5.228598E1	-4.869298E2
7.165735E0	1.466516E1	-2.819212E2	-4.274084E1	-4.917413E2
7.182400E0	8.443139E0	-2.822532E2	-3.296915E1	-4.954498E2
7.199064E0	2.213279E0	-2.824065E2	-2.196799E1	-4.971276E2
7.215728E0	-4.203322E0	-2.824684E2	-1.048834E1	-4.973631E2
7.232393E0	-1.023643E1	-2.823652E2	1.293128E0	-4.974124E2
7.249058E0	-1.582167E1	-2.820302E2	1.292686E1	-4.953035E2
7.265722E0	-2.082627E1	-2.818025E2	2.315891E1	-4.916693E2
7.282387E0	-2.562525E1	-2.814551E2	3.136027E1	-4.874000E2
7.299051E0	-2.879420E1	-2.811045E2	3.754856E1	-4.835620E2
7.315716E0	-3.141787E1	-2.809347E2	4.337488E1	-4.802684E2
7.332380E0	-3.300792E1	-2.807068E2	4.729634E1	-4.780400E2
7.349044E0	-3.352379E1	-2.807004E2	4.925803E1	-4.763224E2
7.365709E0	-3.325030E1	-2.807772E2	4.990022E1	-4.761765E2
7.382373E0	-3.167643E1	-2.808565E2	4.892527E1	-4.771885E2
7.399038E0	-2.905913E1	-2.810648E2	4.582988E1	-4.796140E2
7.415703E0	-2.631358E1	-2.813875E2	4.248395E1	-4.832094E2
7.432367E0	-2.183203E1	-2.817423E2	3.711744E1	-4.863358E2
7.449032E0	-1.661174E1	-2.820668E2	2.965514E1	-4.897004E2
7.465696E0	-1.127720E1	-2.823508E2	2.309640E1	-4.907925E2
7.482360E0	-4.741445E0	-2.824614E2	1.130852E1	-4.958243E2
7.499025E0	1.620759E0	-2.824318E2	1.547623E0	-4.979505E2
7.515690E0	8.137572E0	-2.823270E2	-7.901793E0	-4.971366E2
7.532354E0	1.505611E1	-2.818196E2	-2.036607E1	-4.949551E2
7.549018E0	2.058206E1	-2.815857E2	-2.736105E1	-4.928415E2
7.565683E0	2.544591E1	-2.811670E2	-3.667529E1	-4.894185E2
7.582348E0	3.026827E1	-2.805544E2	-4.261397E1	-4.858098E2
7.599012E0	3.334744E1	-2.803556E2	-4.766907E1	-4.827399E2
7.615677E0	3.625309E1	-2.797415E2	-5.158716E1	-4.798985E2
7.632341E0	3.743242E1	-2.796251E2	-5.415993E1	-4.777264E2
7.649006E0	3.771396E1	-2.796614E2	-5.606771E1	-4.766824E2
7.665670E0	3.717552E1	-2.796269E2	-5.448495E1	-4.779915E2
7.682334E0	3.476571E1	-2.802463E2	-5.049375E1	-4.809239E2
7.698999E0	3.233768E1	-2.803829E2	-4.821101E1	-4.826841E2
7.715664E0	2.904535E1	-2.806441E2	-4.086591E1	-4.869404E2
7.732328E0	2.411227E1	-2.812364E2	-3.642536E1	-4.886766E2
7.748992E0	1.916006E1	-2.816028E2	-2.815131E1	-4.925244E2
7.765657E0	1.321541E1	-2.819420E2	-1.814393E1	-4.955393E2
7.782322E0	6.307130E0	-2.823055E2	-8.200880E0	-4.983618E2
7.798986E0	-4.690257E-1	-2.824466E2	1.585362E0	-4.983465E2
7.815650E0	-6.858281E0	-2.823379E2	1.395391E1	-4.972908E2
7.832315E0	-1.253962E1	-2.821711E2	2.159930E1	-4.942899E2
7.848980E0	-1.817883E1	-2.820017E2	3.208296E1	-4.899496E2
7.865644E0	-2.306720E1	-2.815909E2	3.511805E1	-4.859414E2
7.882308E0	-2.710409E1	-2.813833E2	3.988590E1	-4.833260E2
7.898973E0	-2.957055E1	-2.810555E2	4.381491E1	-4.803310E2
7.915637E0	-3.155613E1	-2.808696E2	4.645858E1	-4.782120E2
7.932302E0	-3.279991E1	-2.807380E2	4.955897E1	-4.772553E2
7.948967E0	-3.312876E1	-2.807512E2	4.730855E1	-4.782145E2
7.965631E0	-3.198404E1	-2.807341E2	4.155644E1	-4.770569E2
7.982296E0	-2.997212E1	-2.809204E2	3.798228E1	-4.814045E2
7.998960E0	-2.757051E1	-2.812931E2	3.294234E1	-4.846250E2
8.015624E0	-2.388314E1	-2.815554E2	2.731589E1	-4.891017E2
8.032289E0	-1.914629E1	-2.819788E2	1.749015E1	-4.916100E2
8.048953E0	-1.421765E1	-2.822367E2	7.734989E0	-4.948621E2
8.065618E0	-8.376399E0	-2.823919E2	-2.660759E0	-4.983487E2
8.082282E0	-2.281292E0	-2.824814E2	-1.415848E1	-4.974297E2
8.098947E0	3.681058E0	-2.824180E2	-2.630116E1	-4.959595E2
8.115611E0	9.341195E0	-2.822175E2	-3.754423E1	-4.925634E2
8.132276E0	1.506888E1	-2.818085E2	-4.459817E1	-4.902531E2
8.148941E0	1.947338E1	-2.816095E2	-5.224424E1	-4.866032E2
8.165605E0	2.304682E1	-2.813108E2	-6.034976E1	-4.817672E2
8.182270E0	2.658560E1	-2.809581E2	-6.438815E1	-4.792107E2
8.198934E0	2.855798E1	-2.807036E2	-6.631568E1	-4.771339E2
8.215599E0	2.955985E1	-2.806360E2	-6.776765E1	-4.762472E2
8.232263E0	2.973618E1	-2.806586E2	-6.804212E1	-4.758068E2
8.248928E0	2.931888E1	-2.805872E2	-6.844104E1	-4.755441E2
8.265592E0	2.775533E1	-2.808577E2	-6.433340E1	-4.788516E2
8.282256E0	2.462947E1	-2.812509E2	-5.879911E1	-4.826339E2
8.298921E0	2.134767E1	-2.814799E2	-5.318714E1	-4.857217E2
8.315586E0	1.749779E1	-2.817380E2	-4.473663E1	-4.898758E2
8.332250E0	1.208120E1	-2.821300E2	-3.650607E1	-4.928393E2
8.348915E0	6.553267E0	-2.824027E2	-2.598851E1	-4.956746E2
8.365579E0	7.827915E-1	-2.824227E2	-1.472138E1	-4.978039E2
8.382244E0	-5.289090E0	-2.824915E2	-4.232516E0	-4.972507E2
8.398908E0	-1.093102E1	-2.822608E2	7.275033E0	-4.973233E2
8.415572E0	-1.584328E1	-2.819951E2	1.589802E1	-4.926545E2
8.432237E0	-2.032579E1	-2.818298E2	2.695489E1	-4.905374E2
8.448901E0	-2.442127E1	-2.815117E2	3.197829E1	-4.862892E2
8.465566E0	-2.657658E1	-2.811935E2	3.913944E1	-4.834543E2
8.482231E0	-2.908198E1	-2.811029E2	4.354833E1	-4.805286E2
8.498895E0	-3.023125E1	-2.810399E2	4.641233E1	-4.786091E2
8.515560E0	-3.027057E1	-2.809885E2	4.798884E1	-4.775881E2
8.532224E0	-2.951249E1	-2.809819E2	4.782824E1	-4.774932E2
8.548889E0	-2.751239E1	-2.811945E2	4.671416E1	-4.795045E2
8.565553E0	-2.556644E1	-2.814820E2	4.358073E1	-4.817993E2
8.582218E0	-2.191243E1	-2.816763E2	3.959729E1	-4.854461E2
8.598882E0	-1.736366E1	-2.820114E2	3.322373E1	-4.889014E2
8.615547E0	-1.275976E1	-2.822082E2	2.580609E1	-4.917619E2
8.632211E0	-6.750686E0	-2.823973E2	1.754750E1	-4.956599E2
8.648876E0	-1.131547E0	-2.824419E2	7.662833E0	-4.976843E2
8.665540E0	5.138531E0	-2.822875E2	-2.327235E0	-4.978798E2
8.682204E0	1.175812E1	-2.820492E2	-1.277157E1	-4.968576E2
8.698869E0	1.745941E1	-2.817504E2	-2.208529E1	-4.945424E2
8.715533E0	2.216508E1	-2.814221E2	-2.947052E1	-4.919197E2
8.732198E0	2.716153E1	-2.808226E2	-3.833851E1	-4.875315E2
8.748862E0	3.049598E1	-2.805314E2	-4.447473E1	-4.847261E2
8.765527E0	3.288553E1	-2.804126E2	-4.900712E1	-4.816538E2
8.782192E0	3.448128E1	-2.801534E2	-5.045979E1	-4.808991E2
8.798856E0	3.570566E1	-2.798304E2	-5.160245E1	-4.799664E2
8.815520E0	3.560477E1	-2.798499E2	-5.208235E1	-4.798547E2
8.832185E0	3.375769E1	-2.802658E2	-5.015718E1	-4.816379E2
8.848850E0	3.160540E1	-2.804100E2	-4.907747E1	-4.826418E2
8.865514E0	2.878734E1	-2.807735E2	-4.266184E1	-4.866832E2
8.882179E0	2.442593E1	-2.812494E2	-3.812714E1	-4.888531E2
8.898843E0	1.969721E1	-2.816396E2	-3.022055E1	-4.928893E2
8.915508E0	1.447166E1	-2.819147E2	-2.235650E1	-4.955668E2
8.932172E0	7.846881E0	-2.823425E2	-1.411405E1	-4.974309E2
8.948836E0	1.449117E0	-2.823707E2	-4.506883E0	-4.983560E2
8.965501E0	-4.588238E0	-2.823951E2	3.742716E0	-4.970480E2
8.982166E0	-1.056909E1	-2.823202E2	1.341908E1	-4.953100E2
8.998830E0	-1.596907E1	-2.820049E2	2.353326E1	-4.932876E2
9.015495E0	-2.084321E1	-2.817501E2	2.803637E1	-4.892413E2
9.032159E0	-2.520346E1	-2.814470E2	3.355154E1	-4.859468E2
9.048824E0	-2.803078E1	-2.810872E2	3.801136E1	-4.833844E2
9.065488E0	-3.024367E1	-2.809432E2	4.077906E1	-4.813162E2
9.082152E0	-3.187832E1	-2.807726E2	4.187529E1	-4.801916E2
9.098817E0	-3.225005E1	-2.808418E2	4.440555E1	-4.795848E2
9.115481E0	-3.163306E1	-2.809080E2	3.879890E1	-4.806439E2
9.132146E0	-3.019927E1	-2.809958E2	3.557152E1	-4.826658E2
9.148810E0	-2.756908E1	-2.811294E2	3.041621E1	-4.855295E2
9.165475E0	-2.463554E1	-2.814601E2	2.402302E1	-4.884182E2
9.182139E0	-2.051370E1	-2.817643E2	1.595859E1	-4.913783E2
9.198804E0	-1.553255E1	-2.820374E2	7.564685E0	-4.947049E2
9.215469E0	-1.061268E1	-2.822912E2	-2.061713E0	-4.965291E2
9.232133E0	-4.942369E0	-2.823314E2	-1.270989E1	-4.968046E2
9.248798E0	7.614408E-1	-2.823954E2	-2.208346E1	-4.966033E2
9.265462E0	6.484498E0	-2.822933E2	-3.215243E1	-4.947932E2
9.282127E0	1.239286E1	-2.820354E2	-4.058013E1	-4.919741E2
9.298791E0	1.688159E1	-2.818021E2	-4.852380E1	-4.887010E2
9.315456E0	2.068264E1	-2.814891E2	-5.413842E1	-4.856221E2
9.332120E0	2.374109E1	-2.812709E2	-6.056348E1	-4.819933E2
9.348784E0	2.651345E1	-2.808938E2	-6.437214E1	-4.788795E2
9.365449E0	2.805510E1	-2.807462E2	-6.631216E1	-4.772318E2
9.382113E0	2.863664E1	-2.807272E2	-6.636920E1	-4.768785E2
9.398778E0	2.840467E1	-2.806793E2	-6.412681E1	-4.786820E2
9.415443E0	2.728017E1	-2.807752E2	-6.222804E1	-4.798098E2
9.432107E0	2.454871E1	-2.812690E2	-5.684936E1	-4.831909E2
9.448772E0	2.167055E1	-2.815188E2	-5.046216E1	-4.867669E2
9.465436E0	1.828358E1	-2.816735E2	-4.352924E1	-4.900541E2
9.482100E0	1.384519E1	-2.819378E2	-3.461454E1	-4.937580E2
9.498765E0	8.311653E0	-2.822467E2	-2.606422E1	-4.959487E2
9.515429E0	2.931776E0	-2.824166E2	-1.485451E1	-4.978230E2
9.532094E0	-2.432179E0	-2.823835E2	-4.567715E0	-4.983679E2
9.548758E0	-7.962879E0	-2.822925E2	5.905510E0	-4.973232E2
9.565423E0	-1.278235E1	-2.821179E2	1.592694E1	-4.952857E2
9.582088E0	-1.740407E1	-2.819399E2	2.611108E1	-4.922743E2
9.598752E0	-2.117324E1	-2.817177E2	2.992793E1	-4.874626E2
9.615416E0	-2.421458E1	-2.815211E2	3.744668E1	-4.853473E2
9.632081E0	-2.641008E1	-2.813770E2	4.193000E1	-4.827968E2
9.648746E0	-2.758075E1	-2.812839E2	4.623266E1	-4.812302E2
9.665410E0	-2.739680E1	-2.812091E2	4.771670E1	-4.797790E2
9.682075E0	-2.698876E1	-2.811379E2	4.875013E1	-4.802383E2
9.698739E0	-2.626715E1	-2.813415E2	4.735132E1	-4.813103E2
9.715404E0	-2.377162E1	-2.815276E2	4.405917E1	-4.833113E2
9.732068E0	-2.032944E1	-2.817583E2	3.940784E1	-4.856195E2
9.748733E0	-1.662601E1	-2.820224E2	3.359132E1	-4.887576E2
9.765397E0	-1.203326E1	-2.820674E2	2.592565E1	-4.916295E2
9.782061E0	-6.891410E0	-2.823338E2	1.787469E1	-4.948776E2
9.798726E0	-1.447852E0	-2.824811E2	9.531969E0	-4.971595E2
9.815390E0	4.324074E0	-2.823961E2	-7.960016E-1	-4.972704E2
9.832055E0	9.915924E0	-2.823017E2	-1.052209E1	-4.972254E2
9.848720E0	1.580652E1	-2.818814E2	-2.031520E1	-4.948666E2
9.865384E0	2.052763E1	-2.816073E2	-2.928342E1	-4.921450E2
9.882049E0	2.447741E1	-2.812484E2	-3.646039E1	-4.886380E2
9.898713E0	2.847228E1	-2.806929E2	-4.253405E1	-4.855833E2
9.915377E0	3.081433E1	-2.805750E2	-4.443451E1	-4.848003E2
9.932042E0	3.239313E1	-2.803289E2	-4.829518E1	-4.826612E2
9.948707E0	3.302477E1	-2.802374E2	-5.024199E1	-4.816500E2
9.965371E0	3.278370E1	-2.803811E2	-5.048404E1	-4.816651E2
9.982036E0	3.165905E1	-2.804251E2	-4.950427E1	-4.828217E2
9.998700E0	2.975826E1	-2.806688E2	-4.464947E1	-4.839162E2
