#multi:
	mass A		mass B		
t	x	y	x	y	
0.000000E0	-1.459815E1	-2.752890E2	3.890023E1	-4.807516E2
1.666467E-2	-1.415681E1	-2.752541E2	3.732165E1	-4.811053E2
3.332933E-2	-1.309699E1	-2.755715E2	3.500799E1	-4.817924E2
4.999400E-2	-1.148538E1	-2.754899E2	3.137764E1	-4.828867E2
6.665867E-2	-9.251653E0	-2.756013E2	2.693690E1	-4.844238E2
8.332333E-2	-6.708442E0	-2.754126E2	2.200359E1	-4.858733E2
9.998800E-2	-3.722675E0	-2.752760E2	1.650209E1	-4.871201E2
1.166527E-1	-8.131148E-1	-2.754147E2	8.389347E0	-4.877169E2
1.333173E-1	2.432374E0	-2.754449E2	3.691611E0	-4.883857E2
1.499820E-1	5.655167E0	-2.755047E2	-2.207533E0	-4.884857E2
1.666467E-1	8.709667E0	-2.753156E2	-8.703356E0	-4.877143E2
1.833113E-1	1.147580E1	-2.750993E2	-1.439338E1	-4.868751E2
1.999760E-1	1.401992E1	-2.745728E2	-2.045862E1	-4.854185E2
2.166407E-1	1.574469E1	-2.750761E2	-2.457882E1	-4.841662E2
2.333053E-1	1.742577E1	-2.747161E2	-2.803891E1	-4.832830E2
2.499700E-1	1.827370E1	-2.745588E2	-3.084047E1	-4.823959E2
2.666347E-1	1.855951E1	-2.745599E2	-3.196053E1	-4.822542E2
2.832993E-1	1.811869E1	-2.745985E2	-3.236502E1	-4.823375E2
2.999640E-1	1.717771E1	-2.745257E2	-3.201491E1	-4.825445E2
3.166287E-1	1.565934E1	-2.749045E2	-3.013837E1	-4.834341E2
3.332933E-1	1.356578E1	-2.748750E2	-2.755569E1	-4.843223E2
3.499580E-1	1.103782E1	-2.747596E2	-2.313689E1	-4.860535E2
3.666227E-1	8.092517E0	-2.748561E2	-1.892436E1	-4.870004E2
3.832873E-1	4.621361E0	-2.753549E2	-1.395692E1	-4.878547E2
3.999520E-1	1.319902E0	-2.752953E2	-1.072285E1	-4.878098E2
4.166167E-1	-2.398172E0	-2.755621E2	-5.631458E0	-4.878700E2
4.332813E-1	-5.785288E0	-2.752321E2	9.098492E-1	-4.876669E2
4.499460E-1	-9.050464E0	-2.750497E2	7.380731E0	-4.872578E2
4.666107E-1	-1.203723E1	-2.749155E2	1.223028E1	-4.862541E2
4.832753E-1	-1.466971E1	-2.750982E2	1.674582E1	-4.851200E2
4.999400E-1	-1.670153E1	-2.750148E2	2.016580E1	-4.840266E2
5.166047E-1	-1.827918E1	-2.751113E2	2.242696E1	-4.831072E2
5.332693E-1	-1.894518E1	-2.745749E2	2.508848E1	-4.827052E2
5.499340E-1	-1.939760E1	-2.751007E2	2.501865E1	-4.823286E2
5.665987E-1	-1.873396E1	-2.747169E2	2.496544E1	-4.823908E2
5.832633E-1	-1.772472E1	-2.747145E2	2.473502E1	-4.828605E2
5.999280E-1	-1.630637E1	-2.752717E2	2.261147E1	-4.837891E2
6.165927E-1	-1.417551E1	-2.754895E2	1.967886E1	-4.849028E2
6.332573E-1	-1.143104E1	-2.754827E2	1.572178E1	-4.860592E2
6.499220E-1	-8.349860E0	-2.755122E2	1.132239E1	-4.871529E2
6.665867E-1	-5.015280E0	-2.749347E2	4.955473E0	-4.876195E2
6.832513E-1	-1.431233E0	-2.753005E2	2.144161E0	-4.883952E2
6.999160E-1	2.114895E0	-2.749363E2	-2.844127E0	-4.885311E2
7.165807E-1	5.520099E0	-2.752533E2	-8.458308E0	-4.877750E2
7.332453E-1	8.984113E0	-2.747233E2	-1.343668E1	-4.871960E2
7.499100E-1	1.200600E1	-2.746059E2	-1.754741E1	-4.860477E2
7.665747E-1	1.456356E1	-2.749813E2	-2.106240E1	-4.851271E2
7.832393E-1	1.661620E1	-2.749580E2	-2.361757E1	-4.841440E2
7.999040E-1	1.850454E1	-2.745354E2	-2.550469E1	-4.834272E2
8.165687E-1	1.950878E1	-2.744535E2	-2.600383E1	-4.831600E2
8.332333E-1	1.993716E1	-2.741959E2	-2.579949E1	-4.831409E2
8.498980E-1	1.969803E1	-2.744434E2	-2.482439E1	-4.832798E2
8.665627E-1	1.902137E1	-2.742818E2	-2.239831E1	-4.841532E2
8.832273E-1	1.763959E1	-2.747111E2	-1.910151E1	-4.850348E2
8.998920E-1	1.564348E1	-2.750096E2	-1.516013E1	-4.860083E2
9.165567E-1	1.338161E1	-2.751652E2	-1.056169E1	-4.868133E2
9.332213E-1	1.067451E1	-2.753968E2	-5.146993E0	-4.877437E2
9.498860E-1	7.689816E0	-2.752927E2	9.116390E-1	-4.884315E2
9.665507E-1	4.490060E0	-2.753120E2	6.647778E0	-4.883716E2
9.832153E-1	1.438535E0	-2.753110E2	9.590452E0	-4.875746E2
9.998800E-1	-1.690151E0	-2.752026E2	1.696962E1	-4.871278E2
1.016545E0	-4.586216E0	-2.751672E2	2.219573E1	-4.859724E2
1.033209E0	-7.248490E0	-2.755419E2	2.682633E1	-4.848755E2
1.049874E0	-9.506338E0	-2.753978E2	3.096632E1	-4.836738E2
1.066539E0	-1.126080E1	-2.755691E2	3.355989E1	-4.826906E2
1.083203E0	-1.256584E1	-2.752424E2	3.506103E1	-4.818802E2
1.099868E0	-1.333223E1	-2.753831E2	3.676995E1	-4.815104E2
1.116533E0	-1.343311E1	-2.753513E2	3.667775E1	-4.814715E2
1.133197E0	-1.305625E1	-2.749659E2	3.483516E1	-4.818038E2
1.149862E0	-1.201637E1	-2.749457E2	3.318715E1	-4.825792E2
1.166527E0	-1.052603E1	-2.752139E2	3.024758E1	-4.836558E2
1.183191E0	-8.549568E0	-2.752798E2	2.571366E1	-4.848751E2
1.199856E0	-6.218378E0	-2.754956E2	2.071797E1	-4.860866E2
1.216521E0	-3.527572E0	-2.752053E2	1.484556E1	-4.871851E2
1.233185E0	-6.683470E-1	-2.751498E2	7.186767E0	-4.877125E2
1.249850E0	2.254467E0	-2.751826E2	4.601492E0	-4.884125E2
1.266515E0	5.315583E0	-2.749967E2	-5.198284E0	-4.878099E2
1.283179E0	8.040726E0	-2.747377E2	-8.086061E0	-4.877715E2
1.299844E0	1.067699E1	-2.750561E2	-1.371609E1	-4.868586E2
1.316509E0	1.289145E1	-2.749851E2	-1.868985E1	-4.859606E2
1.333173E0	1.468324E1	-2.748408E2	-2.270761E1	-4.850245E2
1.349838E0	1.589649E1	-2.747565E2	-2.611992E1	-4.841567E2
1.366503E0	1.672248E1	-2.748979E2	-2.881235E1	-4.833072E2
1.383167E0	1.688037E1	-2.748047E2	-3.069059E1	-4.825239E2
1.399832E0	1.659666E1	-2.747041E2	-3.019682E1	-4.832299E2
1.416497E0	1.565996E1	-2.748214E2	-2.992520E1	-4.833810E2
1.433161E0	1.434477E1	-2.746169E2	-2.813533E1	-4.842684E2
1.449826E0	1.239140E1	-2.748097E2	-2.547875E1	-4.852257E2
1.466491E0	1.000821E1	-2.747347E2	-2.221378E1	-4.862118E2
1.483155E0	7.273740E0	-2.749014E2	-1.808499E1	-4.870990E2
1.499820E0	4.165412E0	-2.749024E2	-1.314077E1	-4.879050E2
1.516485E0	9.954088E-1	-2.749033E2	-1.064516E1	-4.878279E2
1.533149E0	-2.486838E0	-2.754588E2	-2.944773E0	-4.885376E2
1.549814E0	-5.509011E0	-2.752468E2	-3.585713E-2	-4.877548E2
1.566479E0	-8.547806E0	-2.752864E2	6.065046E0	-4.873962E2
1.583143E0	-1.133803E1	-2.753433E2	1.040313E1	-4.863655E2
1.599808E0	-1.369245E1	-2.751281E2	1.431469E1	-4.853431E2
1.616473E0	-1.555137E1	-2.751070E2	1.756049E1	-4.845068E2
1.633137E0	-1.694354E1	-2.748972E2	2.129710E1	-4.838484E2
1.649802E0	-1.749115E1	-2.748410E2	2.197351E1	-4.833187E2
1.666467E0	-1.761759E1	-2.747266E2	2.306923E1	-4.830299E2
1.683131E0	-1.754791E1	-2.750068E2	2.271840E1	-4.832715E2
1.699796E0	-1.646382E1	-2.751472E2	2.297748E1	-4.838081E2
1.716461E0	-1.495575E1	-2.749572E2	2.005520E1	-4.842168E2
1.733125E0	-1.292059E1	-2.750488E2	1.738095E1	-4.851250E2
1.749790E0	-1.039252E1	-2.753419E2	1.439192E1	-4.861337E2
1.766455E0	-7.485578E0	-2.753680E2	1.059178E1	-4.871705E2
1.783119E0	-4.529124E0	-2.755796E2	4.482050E0	-4.875977E2
1.799784E0	-1.025050E0	-2.748321E2	-9.415349E-1	-4.877708E2
1.816449E0	2.417888E0	-2.752046E2	-5.859383E0	-4.878285E2
1.833113E0	5.480892E0	-2.752320E2	-7.847070E0	-4.877813E2
1.849778E0	8.522418E0	-2.751652E2	-1.133884E1	-4.877480E2
1.866443E0	1.138632E1	-2.750692E2	-1.533582E1	-4.869067E2
1.883107E0	1.398956E1	-2.744206E2	-1.859611E1	-4.859499E2
1.899772E0	1.588633E1	-2.742780E2	-2.108765E1	-4.850780E2
1.916437E0	1.744012E1	-2.745485E2	-2.282908E1	-4.842731E2
1.933101E0	1.841939E1	-2.746066E2	-2.321442E1	-4.841216E2
1.949766E0	1.874652E1	-2.747090E2	-2.292660E1	-4.841002E2
1.966431E0	1.858481E1	-2.746333E2	-2.203028E1	-4.842077E2
1.983095E0	1.781076E1	-2.747722E2	-1.952727E1	-4.849170E2
1.999760E0	1.647956E1	-2.744984E2	-1.715285E1	-4.854861E2
2.016425E0	1.472882E1	-2.747720E2	-1.329578E1	-4.864047E2
2.033089E0	1.264880E1	-2.748540E2	-8.990749E0	-4.869464E2
2.049754E0	1.013152E1	-2.747081E2	-3.954787E0	-4.876896E2
2.066419E0	7.352673E0	-2.748780E2	-5.990375E-1	-4.876430E2
2.083083E0	4.406013E0	-2.751273E2	7.080924E0	-4.882779E2
2.099748E0	1.464706E0	-2.753334E2	1.265962E1	-4.881089E2
2.116413E0	-1.450022E0	-2.754198E2	1.596482E1	-4.872171E2
2.133077E0	-4.167380E0	-2.754424E2	2.074188E1	-4.861677E2
2.149742E0	-6.640528E0	-2.751318E2	2.467413E1	-4.852003E2
2.166407E0	-8.703474E0	-2.751921E2	2.829749E1	-4.841010E2
2.183071E0	-1.030272E1	-2.753216E2	3.086047E1	-4.832553E2
2.199736E0	-1.142350E1	-2.752859E2	3.350143E1	-4.826113E2
2.216401E0	-1.212524E1	-2.756056E2	3.449334E1	-4.824543E2
2.233065E0	-1.213167E1	-2.755886E2	3.423296E1	-4.824725E2
2.249730E0	-1.177550E1	-2.750644E2	3.247929E1	-4.827971E2
2.266395E0	-1.084695E1	-2.750416E2	3.082301E1	-4.836032E2
2.283059E0	-9.408267E0	-2.753394E2	2.741855E1	-4.846563E2
2.299724E0	-7.594615E0	-2.752315E2	2.341991E1	-4.857274E2
2.316389E0	-5.354852E0	-2.754647E2	1.732275E1	-4.862851E2
2.333053E0	-2.872965E0	-2.751757E2	1.278530E1	-4.872981E2
2.349718E0	-4.109836E-1	-2.756265E2	6.298882E0	-4.875863E2
2.366383E0	2.501872E0	-2.751918E2	3.209646E0	-4.883398E2
2.383047E0	5.146323E0	-2.748961E2	-5.156079E0	-4.877161E2
2.399712E0	7.722881E0	-2.751487E2	-8.162697E0	-4.877602E2
2.416377E0	1.004615E1	-2.747318E2	-1.339097E1	-4.870737E2
2.433041E0	1.207962E1	-2.746191E2	-1.812265E1	-4.861976E2
2.449706E0	1.363658E1	-2.748639E2	-2.193943E1	-4.852802E2
2.466371E0	1.479004E1	-2.748676E2	-2.524225E1	-4.845391E2
2.483035E0	1.541937E1	-2.745271E2	-2.682114E1	-4.842191E2
2.499700E0	1.549938E1	-2.745650E2	-2.776594E1	-4.841291E2
2.516365E0	1.515029E1	-2.743181E2	-2.799886E1	-4.841811E2
2.533029E0	1.420723E1	-2.746695E2	-2.765141E1	-4.842486E2
2.549694E0	1.263727E1	-2.750780E2	-2.568009E1	-4.850885E2
2.566359E0	1.074341E1	-2.751996E2	-2.303896E1	-4.860136E2
2.583023E0	8.506142E0	-2.751759E2	-2.072279E1	-4.862041E2
2.599688E0	6.077981E0	-2.748041E2	-1.665158E1	-4.869892E2
2.616353E0	3.279714E0	-2.751870E2	-1.206572E1	-4.878676E2
2.633017E0	3.506087E-1	-2.753524E2	-9.445575E0	-4.877926E2
2.649682E0	-2.666864E0	-2.750257E2	-4.881760E0	-4.878161E2
2.666347E0	-5.683180E0	-2.750596E2	3.260762E-1	-4.876515E2
2.683011E0	-8.386780E0	-2.753747E2	5.795053E0	-4.874226E2
2.699676E0	-1.096940E1	-2.749843E2	9.217285E0	-4.865065E2
2.716341E0	-1.302629E1	-2.749602E2	1.468945E1	-4.860442E2
2.733005E0	-1.465406E1	-2.750399E2	1.730935E1	-4.850768E2
2.749670E0	-1.581661E1	-2.750559E2	1.886665E1	-4.841970E2
2.766335E0	-1.637725E1	-2.751655E2	2.114020E1	-4.839621E2
2.782999E0	-1.650392E1	-2.750678E2	2.193653E1	-4.838586E2
2.799664E0	-1.603627E1	-2.749097E2	2.161551E1	-4.839896E2
2.816329E0	-1.491923E1	-2.748598E2	1.930408E1	-4.842330E2
2.832993E0	-1.339377E1	-2.752907E2	1.830369E1	-4.850881E2
2.849658E0	-1.136767E1	-2.753926E2	1.624354E1	-4.860228E2
2.866323E0	-9.039533E0	-2.749170E2	1.117938E1	-4.865365E2
2.882987E0	-6.243111E0	-2.755353E2	8.156274E0	-4.873875E2
2.899652E0	-3.297859E0	-2.753330E2	2.940606E0	-4.876143E2
2.916317E0	-3.610385E-1	-2.756218E2	-1.682448E0	-4.877429E2
2.932981E0	2.679795E0	-2.754230E2	-5.928147E0	-4.877796E2
2.949646E0	5.693050E0	-2.752488E2	-7.258041E0	-4.878765E2
2.966311E0	8.562555E0	-2.752061E2	-1.145863E1	-4.868316E2
2.982975E0	1.131813E1	-2.748670E2	-1.426173E1	-4.868520E2
2.999640E0	1.348260E1	-2.747725E2	-1.732824E1	-4.860491E2
3.016305E0	1.516619E1	-2.744897E2	-1.940494E1	-4.853556E2
3.032969E0	1.647819E1	-2.746900E2	-2.052379E1	-4.849756E2
3.049634E0	1.725061E1	-2.743560E2	-2.069549E1	-4.849427E2
3.066299E0	1.752261E1	-2.745738E2	-2.036860E1	-4.850068E2
3.082963E0	1.731621E1	-2.744776E2	-1.926414E1	-4.851447E2
3.099628E0	1.651785E1	-2.746244E2	-1.667826E1	-4.858793E2
3.116293E0	1.519441E1	-2.743904E2	-1.426262E1	-4.863302E2
3.132957E0	1.350286E1	-2.746820E2	-1.045074E1	-4.868331E2
3.149622E0	1.150074E1	-2.749108E2	-6.168068E0	-4.876742E2
3.166287E0	9.022330E0	-2.746060E2	-3.141064E0	-4.876963E2
3.182951E0	6.474173E0	-2.750085E2	3.497018E0	-4.883265E2
3.199616E0	3.562903E0	-2.753815E2	8.380971E0	-4.882304E2
3.216281E0	9.564867E-1	-2.747110E2	1.358116E1	-4.880169E2
3.232945E0	-1.631281E0	-2.751381E2	1.687354E1	-4.871694E2
3.249610E0	-4.365466E0	-2.755233E2	2.046899E1	-4.861644E2
3.266275E0	-6.319918E0	-2.754270E2	2.348833E1	-4.852855E2
3.282939E0	-8.130807E0	-2.755590E2	2.829034E1	-4.847148E2
3.299604E0	-9.470749E0	-2.751872E2	2.959776E1	-4.838829E2
3.316269E0	-1.036731E1	-2.751742E2	3.147064E1	-4.835577E2
3.332933E0	-1.094046E1	-2.749805E2	3.084675E1	-4.832683E2
3.349598E0	-1.090616E1	-2.750089E2	3.148629E1	-4.835319E2
3.366263E0	-1.035673E1	-2.753462E2	3.009729E1	-4.837085E2
3.382927E0	-9.384008E0	-2.753128E2	2.640563E1	-4.842268E2
3.399592E0	-8.020981E0	-2.748155E2	2.334357E1	-4.850520E2
3.416257E0	-6.211690E0	-2.755025E2	1.985006E1	-4.860943E2
3.432921E0	-4.437079E0	-2.755373E2	1.591668E1	-4.870852E2
3.449586E0	-1.979178E0	-2.749152E2	9.409973E0	-4.874238E2
3.466251E0	6.269869E-1	-2.753147E2	6.867257E0	-4.882790E2
3.482915E0	3.018053E0	-2.748088E2	1.710216E0	-4.884569E2
3.499580E0	5.528880E0	-2.751473E2	-3.236515E0	-4.885054E2
3.516245E0	7.623605E0	-2.754293E2	-8.848628E0	-4.877414E2
3.532909E0	9.634041E0	-2.752156E2	-1.369526E1	-4.869174E2
3.549574E0	1.154769E1	-2.748233E2	-1.774647E1	-4.861452E2
3.566239E0	1.266707E1	-2.750461E2	-2.124701E1	-4.854405E2
3.582903E0	1.373212E1	-2.748956E2	-2.345202E1	-4.851359E2
3.599568E0	1.420185E1	-2.745724E2	-2.483877E1	-4.850441E2
3.616233E0	1.419065E1	-2.746226E2	-2.633013E1	-4.844959E2
3.632897E0	1.349072E1	-2.750345E2	-2.649281E1	-4.846196E2
3.649562E0	1.261084E1	-2.749732E2	-2.511226E1	-4.851470E2
3.666227E0	1.124993E1	-2.748029E2	-2.362385E1	-4.853103E2
3.682891E0	9.411065E0	-2.748656E2	-2.108280E1	-4.862774E2
3.699556E0	7.134844E0	-2.747928E2	-1.768250E1	-4.869926E2
3.716221E0	4.759340E0	-2.751770E2	-1.383071E1	-4.878199E2
3.732885E0	2.071770E0	-2.750236E2	-1.056097E1	-4.877284E2
3.749550E0	-6.679128E-1	-2.751274E2	-8.353660E0	-4.878254E2
3.766215E0	-3.373855E0	-2.753988E2	-3.668481E0	-4.877513E2
3.782879E0	-6.052743E0	-2.749073E2	1.087850E0	-4.875889E2
3.799544E0	-8.458769E0	-2.752917E2	6.388062E0	-4.873564E2
3.816209E0	-1.065890E1	-2.750928E2	9.043406E0	-4.864617E2
3.832873E0	-1.245654E1	-2.752594E2	1.372273E1	-4.860625E2
3.849538E0	-1.385892E1	-2.749869E2	1.555431E1	-4.852701E2
3.866203E0	-1.474713E1	-2.750773E2	1.863090E1	-4.849732E2
3.882867E0	-1.513900E1	-2.754050E2	1.954714E1	-4.848488E2
3.899532E0	-1.505138E1	-2.748973E2	1.993383E1	-4.848358E2
3.916197E0	-1.437207E1	-2.752700E2	1.937541E1	-4.849472E2
3.932861E0	-1.326446E1	-2.754984E2	1.741132E1	-4.851897E2
3.949526E0	-1.163710E1	-2.750919E2	1.657502E1	-4.860018E2
3.966191E0	-9.635118E0	-2.751826E2	1.275041E1	-4.863516E2
3.982855E0	-7.364636E0	-2.754306E2	1.071372E1	-4.872162E2
3.999520E0	-4.801878E0	-2.749854E2	5.767020E0	-4.875432E2
4.016185E0	-1.959456E0	-2.749605E2	1.209719E0	-4.876592E2
4.032849E0	6.473014E-1	-2.756652E2	3.856010E-1	-4.884166E2
4.049514E0	3.674286E0	-2.751430E2	-6.856634E0	-4.877404E2
4.066179E0	6.566190E0	-2.751367E2	-7.526828E0	-4.877822E2
4.082843E0	8.959360E0	-2.746044E2	-1.064705E1	-4.877194E2
4.099508E0	1.126367E1	-2.748298E2	-1.386318E1	-4.869080E2
4.116173E0	1.314513E1	-2.745581E2	-1.642104E1	-4.864116E2
4.132837E0	1.457100E1	-2.747206E2	-1.756925E1	-4.859485E2
4.149502E0	1.555698E1	-2.746581E2	-1.819394E1	-4.858908E2
4.166167E0	1.613104E1	-2.744637E2	-1.897244E1	-4.852716E2
4.182831E0	1.624315E1	-2.745104E2	-1.858548E1	-4.850487E2
4.199496E0	1.564963E1	-2.749541E2	-1.634319E1	-4.859282E2
4.216161E0	1.490431E1	-2.743541E2	-1.418777E1	-4.861292E2
4.232825E0	1.365647E1	-2.747734E2	-1.099018E1	-4.868160E2
4.249490E0	1.188957E1	-2.749965E2	-7.250303E0	-4.876008E2
4.266155E0	9.705487E0	-2.752526E2	-3.813236E0	-4.876806E2
4.282819E0	7.476871E0	-2.753377E2	-1.847825E0	-4.876736E2
4.299484E0	5.257622E0	-2.750863E2	5.473472E0	-4.882749E2
4.316149E0	2.773291E0	-2.752295E2	9.950574E0	-4.881948E2
4.332813E0	3.082540E-1	-2.751721E2	1.204753E1	-4.874202E2
4.349478E0	-2.082979E0	-2.748297E2	1.733089E1	-4.871157E2
4.366143E0	-4.225215E0	-2.753778E2	2.028791E1	-4.862181E2
4.382807E0	-6.091330E0	-2.748474E2	2.463257E1	-4.858028E2
4.399472E0	-7.615075E0	-2.751989E2	2.685126E1	-4.848865E2
4.416137E0	-8.767667E0	-2.750840E2	2.889518E1	-4.845916E2
4.432801E0	-9.472839E0	-2.751642E2	2.883038E1	-4.839336E2
4.449466E0	-9.721072E0	-2.751473E2	2.898920E1	-4.838568E2
4.466131E0	-9.531464E0	-2.751822E2	2.777559E1	-4.840525E2
4.482795E0	-8.979745E0	-2.750185E2	2.707004E1	-4.847364E2
4.499460E0	-7.895413E0	-2.751176E2	2.329256E1	-4.851108E2
4.516125E0	-6.405656E0	-2.753952E2	2.082875E1	-4.860635E2
4.532789E0	-4.734030E0	-2.751234E2	1.568561E1	-4.866847E2
4.549454E0	-2.811549E0	-2.751233E2	1.213269E1	-4.873049E2
4.566119E0	-5.964774E-1	-2.751406E2	6.626573E0	-4.875876E2
4.582783E0	1.471054E0	-2.754607E2	4.825016E0	-4.883381E2
4.599448E0	3.704238E0	-2.753013E2	-1.258831E-1	-4.884510E2
4.616113E0	5.978791E0	-2.748413E2	-5.473350E0	-4.876896E2
4.632777E0	7.981436E0	-2.746099E2	-9.486863E0	-4.876683E2
4.649442E0	9.677135E0	-2.750747E2	-1.381524E1	-4.869340E2
4.666107E0	1.122369E1	-2.748096E2	-1.751489E1	-4.860643E2
4.682771E0	1.216788E1	-2.746335E2	-1.988874E1	-4.860072E2
4.699436E0	1.272586E1	-2.749631E2	-2.254423E1	-4.851852E2
4.716101E0	1.291451E1	-2.744122E2	-2.355962E1	-4.851769E2
4.732765E0	1.271709E1	-2.749436E2	-2.401810E1	-4.852621E2
4.749430E0	1.199740E1	-2.745269E2	-2.373467E1	-4.852513E2
4.766095E0	1.091700E1	-2.745276E2	-2.234002E1	-4.860691E2
4.782759E0	9.508151E0	-2.749954E2	-2.079491E1	-4.861942E2
4.799424E0	7.460809E0	-2.751845E2	-1.796095E1	-4.870001E2
4.816089E0	5.563055E0	-2.751723E2	-1.454087E1	-4.877618E2
4.832753E0	3.209397E0	-2.749485E2	-1.159044E1	-4.878156E2
4.849418E0	5.474894E-1	-2.753669E2	-8.957630E0	-4.877864E2
4.866083E0	-1.832925E0	-2.751216E2	-5.885670E0	-4.877842E2
4.882747E0	-4.462950E0	-2.755499E2	-1.596181E0	-4.876969E2
4.899412E0	-6.548964E0	-2.752715E2	2.476320E0	-4.875167E2
4.916077E0	-8.743573E0	-2.752000E2	7.295208E0	-4.873130E2
4.932741E0	-1.054267E1	-2.751462E2	9.117072E0	-4.864785E2
4.949406E0	-1.202122E1	-2.748758E2	1.314626E1	-4.861947E2
4.966071E0	-1.305983E1	-2.748480E2	1.379437E1	-4.856105E2
4.982735E0	-1.367756E1	-2.750218E2	1.597427E1	-4.852392E2
4.999400E0	-1.377301E1	-2.750146E2	1.681367E1	-4.851715E2
5.016065E0	-1.344329E1	-2.752173E2	1.688847E1	-4.851565E2
5.032729E0	-1.267121E1	-2.751126E2	1.573254E1	-4.853213E2
5.049394E0	-1.137462E1	-2.753008E2	1.560965E1	-4.860304E2
5.066059E0	-9.752746E0	-2.750823E2	1.253560E1	-4.862601E2
5.082723E0	-7.799942E0	-2.749995E2	1.095023E1	-4.871534E2
5.099388E0	-5.503265E0	-2.752028E2	7.000753E0	-4.874347E2
5.116053E0	-3.069552E0	-2.747946E2	2.852441E0	-4.876174E2
5.132717E0	-6.586480E-1	-2.754650E2	-9.749615E-1	-4.876780E2
5.149382E0	2.163787E0	-2.749273E2	-4.559552E0	-4.877523E2
5.166047E0	4.716815E0	-2.751428E2	-5.978555E0	-4.876718E2
5.182711E0	7.086107E0	-2.748260E2	-8.369869E0	-4.877964E2
5.199376E0	9.294223E0	-2.748008E2	-1.077633E1	-4.876759E2
5.216041E0	1.124166E1	-2.747417E2	-1.328274E1	-4.868993E2
5.232705E0	1.277400E1	-2.748919E2	-1.564650E1	-4.859895E2
5.249370E0	1.392992E1	-2.744219E2	-1.622036E1	-4.860697E2
5.266035E0	1.470184E1	-2.749627E2	-1.647120E1	-4.859868E2
5.282699E0	1.499103E1	-2.744415E2	-1.616683E1	-4.859599E2
5.299364E0	1.482652E1	-2.748571E2	-1.517251E1	-4.860357E2
5.316029E0	1.427883E1	-2.746050E2	-1.364928E1	-4.861175E2
5.332693E0	1.328576E1	-2.746092E2	-1.091001E1	-4.868361E2
5.349358E0	1.194097E1	-2.746517E2	-8.611751E0	-4.867849E2
5.366023E0	1.018298E1	-2.748245E2	-4.430545E0	-4.875551E2
5.382687E0	8.338758E0	-2.750299E2	-1.834139E0	-4.875446E2
5.399352E0	6.116474E0	-2.749039E2	3.646100E0	-4.883557E2
5.416017E0	3.727006E0	-2.754772E2	7.687678E0	-4.882592E2
5.432681E0	1.493027E0	-2.754935E2	1.208553E1	-4.880764E2
5.449346E0	-5.241476E-1	-2.752389E2	1.397662E1	-4.872175E2
5.466011E0	-2.542235E0	-2.752308E2	1.845664E1	-4.869906E2
5.482675E0	-4.357518E0	-2.753759E2	2.042082E1	-4.860898E2
5.499340E0	-5.971545E0	-2.748874E2	2.394884E1	-4.857922E2
5.516005E0	-7.118104E0	-2.754680E2	2.489277E1	-4.850077E2
5.532669E0	-8.024172E0	-2.749744E2	2.671177E1	-4.848479E2
5.549334E0	-8.337134E0	-2.753711E2	2.730487E1	-4.846984E2
5.565999E0	-8.394948E0	-2.753213E2	2.680750E1	-4.847985E2
5.582663E0	-8.037332E0	-2.748560E2	2.505779E1	-4.849595E2
5.599328E0	-7.319660E0	-2.753679E2	2.379739E1	-4.857354E2
5.615993E0	-6.172948E0	-2.755384E2	2.063479E1	-4.860726E2
5.632657E0	-4.761547E0	-2.751355E2	1.632442E1	-4.864810E2
5.649322E0	-3.069091E0	-2.747407E2	1.330365E1	-4.872211E2
5.665987E0	-1.475732E0	-2.754358E2	8.272221E0	-4.874388E2
5.682651E0	5.383396E-1	-2.754390E2	3.404399E0	-4.876285E2
5.699316E0	2.607625E0	-2.755592E2	-1.227873E0	-4.877460E2
5.715981E0	4.701386E0	-2.752145E2	-2.116857E0	-4.884665E2
5.732645E0	6.557479E0	-2.750522E2	-7.047743E0	-4.877921E2
5.749310E0	8.168454E0	-2.748540E2	-1.032806E1	-4.877634E2
5.765975E0	9.416964E0	-2.751554E2	-1.406961E1	-4.870455E2
5.782639E0	1.047792E1	-2.751330E2	-1.670469E1	-4.868521E2
5.799304E0	1.137967E1	-2.748429E2	-1.928929E1	-4.862183E2
5.815969E0	1.167855E1	-2.750531E2	-2.054814E1	-4.860360E2
5.832633E0	1.167418E1	-2.749881E2	-2.130609E1	-4.860796E2
5.849298E0	1.121118E1	-2.746787E2	-2.130588E1	-4.860769E2
5.865963E0	1.031141E1	-2.748086E2	-2.080652E1	-4.861537E2
5.882627E0	9.123402E0	-2.747970E2	-1.899937E1	-4.868840E2
5.899292E0	7.576178E0	-2.750254E2	-1.731414E1	-4.870792E2
5.915957E0	5.561072E0	-2.753474E2	-1.525566E1	-4.877013E2
5.932621E0	3.547158E0	-2.754040E2	-1.183317E1	-4.878207E2
5.949286E0	1.566843E0	-2.751774E2	-9.183910E0	-4.877824E2
5.965951E0	-7.094768E-1	-2.750744E2	-7.044776E0	-4.877530E2
5.982615E0	-2.991152E0	-2.749009E2	-3.809220E0	-4.877466E2
5.999280E0	-5.387832E0	-2.755456E2	-1.230516E-1	-4.876478E2
6.015945E0	-7.189759E0	-2.755132E2	3.564749E0	-4.874550E2
6.032609E0	-8.977604E0	-2.749675E2	7.694166E0	-4.872870E2
6.049274E0	-1.031568E1	-2.753197E2	9.361677E0	-4.863973E2
6.065939E0	-1.150119E1	-2.751993E2	1.217030E1	-4.862349E2
6.082603E0	-1.210761E1	-2.754840E2	1.419273E1	-4.860776E2
6.099268E0	-1.247148E1	-2.752698E2	1.543027E1	-4.859247E2
6.115933E0	-1.234704E1	-2.754443E2	1.429774E1	-4.855376E2
6.132597E0	-1.182162E1	-2.750952E2	1.530695E1	-4.859753E2
6.149262E0	-1.085548E1	-2.750007E2	1.404979E1	-4.861857E2
6.165927E0	-9.442325E0	-2.752171E2	1.168281E1	-4.864262E2
6.182591E0	-7.757722E0	-2.750159E2	1.049334E1	-4.871752E2
6.199256E0	-5.889640E0	-2.750444E2	7.268633E0	-4.874020E2
6.215921E0	-3.664150E0	-2.751043E2	3.635811E0	-4.875882E2
6.232585E0	-1.573940E0	-2.754954E2	2.314461E-1	-4.876991E2
6.249250E0	1.037745E0	-2.747604E2	-2.966688E0	-4.877578E2
6.265915E0	3.407920E0	-2.751334E2	-5.769352E0	-4.877631E2
6.282579E0	5.456568E0	-2.752347E2	-6.472333E0	-4.876381E2
6.299244E0	7.574030E0	-2.752663E2	-8.635514E0	-4.877039E2
6.315909E0	9.367137E0	-2.752312E2	-1.156351E1	-4.867992E2
6.332573E0	1.115859E1	-2.747978E2	-1.269530E1	-4.868617E2
6.349238E0	1.228012E1	-2.747234E2	-1.370634E1	-4.867824E2
6.365903E0	1.321652E1	-2.746324E2	-1.401833E1	-4.867937E2
6.382567E0	1.360584E1	-2.747471E2	-1.480841E1	-4.860660E2
6.399232E0	1.366874E1	-2.748155E2	-1.438402E1	-4.862915E2
6.415897E0	1.338800E1	-2.745251E2	-1.201799E1	-4.867808E2
6.432561E0	1.260260E1	-2.748631E2	-1.019541E1	-4.870083E2
6.449226E0	1.154446E1	-2.749808E2	-7.276806E0	-4.876070E2
6.465891E0	1.011226E1	-2.746896E2	-4.512417E0	-4.876115E2
6.482555E0	8.462954E0	-2.750671E2	-1.844819E0	-4.875548E2
6.499220E0	6.447595E0	-2.752873E2	2.662848E0	-4.884114E2
6.515885E0	4.443009E0	-2.753170E2	6.231177E0	-4.882522E2
6.532549E0	2.423466E0	-2.753502E2	1.012548E1	-4.881376E2
6.549214E0	6.469875E-1	-2.753129E2	1.112968E1	-4.873661E2
6.565879E0	-1.477738E0	-2.754680E2	1.506346E1	-4.871766E2
6.582543E0	-2.959252E0	-2.749083E2	1.887473E1	-4.869512E2
6.599208E0	-4.404981E0	-2.753180E2	2.049287E1	-4.860829E2
6.615873E0	-5.639190E0	-2.751374E2	2.307280E1	-4.859018E2
6.632537E0	-6.516150E0	-2.753094E2	2.298054E1	-4.853354E2
6.649202E0	-7.071256E0	-2.748380E2	2.384292E1	-4.851173E2
6.665867E0	-7.240634E0	-2.753755E2	2.341531E1	-4.850562E2
6.682531E0	-7.067782E0	-2.748074E2	2.248887E1	-4.852070E2
6.699196E0	-6.533842E0	-2.752516E2	2.265541E1	-4.858788E2
6.715861E0	-5.661260E0	-2.751757E2	1.933903E1	-4.861133E2
6.732525E0	-4.453960E0	-2.753882E2	1.576455E1	-4.866039E2
6.749190E0	-3.048475E0	-2.748822E2	1.352548E1	-4.871968E2
6.765855E0	-1.483998E0	-2.752338E2	9.173084E0	-4.874350E2
6.782519E0	2.258226E-1	-2.750433E2	5.075114E0	-4.876039E2
6.799184E0	1.985445E0	-2.747495E2	5.552436E-1	-4.876741E2
6.815849E0	3.629913E0	-2.754297E2	-3.515294E0	-4.877465E2
6.832513E0	5.487099E0	-2.750896E2	-5.192284E0	-4.877376E2
6.849178E0	6.829921E0	-2.754714E2	-8.022916E0	-4.877536E2
6.865843E0	8.224884E0	-2.747905E2	-1.099815E1	-4.877021E2
6.882507E0	9.313327E0	-2.750198E2	-1.417218E1	-4.870259E2
6.899172E0	1.006716E1	-2.747384E2	-1.619484E1	-4.869026E2
6.915837E0	1.028120E1	-2.751177E2	-1.861031E1	-4.860294E2
6.932501E0	1.031915E1	-2.751079E2	-1.914475E1	-4.862459E2
6.949166E0	1.019948E1	-2.748393E2	-1.940194E1	-4.863223E2
6.965831E0	9.376823E0	-2.751466E2	-1.946550E1	-4.863408E2
6.982495E0	8.363714E0	-2.751876E2	-1.775361E1	-4.868720E2
6.999160E0	7.220648E0	-2.748153E2	-1.649408E1	-4.869218E2
7.015825E0	5.499916E0	-2.752942E2	-1.404038E1	-4.877859E2
7.032489E0	3.693246E0	-2.755871E2	-1.169076E1	-4.877889E2
7.049154E0	1.729274E0	-2.755405E2	-9.666454E0	-4.877079E2
7.065819E0	-2.984195E-1	-2.755066E2	-8.425100E0	-4.877574E2
7.082483E0	-2.329680E0	-2.755280E2	-5.445499E0	-4.877581E2
7.099148E0	-4.278683E0	-2.756959E2	-2.043981E0	-4.877193E2
7.115813E0	-5.935828E0	-2.749792E2	1.438623E0	-4.875155E2
7.132477E0	-7.585080E0	-2.750183E2	4.756787E0	-4.874245E2
7.149142E0	-8.992285E0	-2.749467E2	8.012521E0	-4.872615E2
7.165807E0	-1.006458E1	-2.749665E2	8.590431E0	-4.866123E2
7.182471E0	-1.072611E1	-2.750734E2	1.076021E1	-4.863474E2
7.199136E0	-1.111247E1	-2.755930E2	1.233928E1	-4.862236E2
7.215801E0	-1.117385E1	-2.754311E2	1.288536E1	-4.862332E2
7.232465E0	-1.076616E1	-2.750221E2	1.275034E1	-4.862631E2
7.249130E0	-1.002449E1	-2.749096E2	1.153501E1	-4.863046E2
7.265795E0	-8.868587E0	-2.749495E2	9.960132E0	-4.864447E2
7.282459E0	-7.340399E0	-2.752521E2	9.449583E0	-4.872431E2
7.299124E0	-5.697926E0	-2.750884E2	6.635517E0	-4.874644E2
7.315789E0	-3.809784E0	-2.750190E2	3.570741E0	-4.875214E2
7.332453E0	-1.792405E0	-2.750638E2	6.608126E-1	-4.876650E2
7.349118E0	2.742364E-1	-2.750523E2	-1.805736E0	-4.877370E2
7.365783E0	2.431994E0	-2.751736E2	-4.884778E0	-4.877366E2
7.382447E0	4.285017E0	-2.753143E2	-5.106508E0	-4.878097E2
7.399112E0	6.413783E0	-2.749951E2	-7.061122E0	-4.877165E2
7.415777E0	8.158578E0	-2.749465E2	-8.683429E0	-4.876744E2
7.432441E0	9.487248E0	-2.752903E2	-1.018792E1	-4.876751E2
7.449106E0	1.072390E1	-2.753312E2	-1.179393E1	-4.868913E2
7.465771E0	1.153323E1	-2.751537E2	-1.226595E1	-4.869128E2
7.482435E0	1.228406E1	-2.747960E2	-1.215959E1	-4.868692E2
7.499100E0	1.242741E1	-2.749086E2	-1.161785E1	-4.867870E2
7.515765E0	1.225075E1	-2.746781E2	-1.041585E1	-4.870064E2
7.532429E0	1.155450E1	-2.752193E2	-9.131064E0	-4.870761E2
7.549094E0	1.065371E1	-2.751464E2	-6.588570E0	-4.875777E2
7.565759E0	9.457203E0	-2.753147E2	-4.184256E0	-4.877368E2
7.582423E0	8.256306E0	-2.748335E2	-2.113543E0	-4.876830E2
7.599088E0	6.558256E0	-2.752630E2	2.083432E0	-4.883474E2
7.615753E0	4.772693E0	-2.754354E2	5.394322E0	-4.882546E2
7.632417E0	3.208004E0	-2.749220E2	8.728308E0	-4.881953E2
7.649082E0	1.415175E0	-2.751525E2	9.413255E0	-4.873892E2
7.665747E0	-4.585444E-1	-2.754371E2	1.240225E1	-4.872711E2
7.682411E0	-1.804390E0	-2.751363E2	1.616765E1	-4.871167E2
7.699076E0	-3.345247E0	-2.755929E2	1.909068E1	-4.868988E2
7.715741E0	-4.349866E0	-2.753719E2	1.963095E1	-4.862000E2
7.732405E0	-5.190071E0	-2.754429E2	2.135369E1	-4.859920E2
7.749070E0	-5.719693E0	-2.750659E2	2.223009E1	-4.859331E2
7.765735E0	-5.994230E0	-2.749315E2	2.255853E1	-4.859098E2
7.782399E0	-5.980101E0	-2.749630E2	2.192350E1	-4.859619E2
7.799064E0	-5.512853E0	-2.753044E2	2.008702E1	-4.861232E2
7.815729E0	-4.829152E0	-2.750445E2	1.774431E1	-4.863330E2
7.832393E0	-3.909733E0	-2.749582E2	1.694226E1	-4.870225E2
7.849058E0	-2.794579E0	-2.751517E2	1.327123E1	-4.872682E2
7.865723E0	-1.354322E0	-2.752483E2	9.089966E0	-4.874544E2
7.882387E0	1.229140E-1	-2.749214E2	5.272330E0	-4.875874E2
7.899052E0	1.438638E0	-2.755235E2	1.422482E0	-4.876931E2
7.915717E0	3.118921E0	-2.748650E2	-1.837205E0	-4.877469E2
7.932381E0	4.464914E0	-2.753315E2	-5.478964E0	-4.877188E2
7.949046E0	5.823861E0	-2.755589E2	-6.750283E0	-4.876273E2
7.965711E0	7.219974E0	-2.748279E2	-9.008295E0	-4.877240E2
7.982375E0	8.156148E0	-2.747950E2	-1.130765E1	-4.877097E2
7.999040E0	8.705793E0	-2.752971E2	-1.398944E1	-4.869857E2
8.015705E0	9.257436E0	-2.748928E2	-1.544697E1	-4.869416E2
8.032369E0	9.337604E0	-2.749543E2	-1.649027E1	-4.868587E2
8.049034E0	9.152812E0	-2.747721E2	-1.689918E1	-4.868971E2
8.065699E0	8.412888E0	-2.751571E2	-1.687782E1	-4.869357E2
8.082363E0	7.583311E0	-2.752915E2	-1.622628E1	-4.870623E2
8.099028E0	6.413483E0	-2.752677E2	-1.561692E1	-4.868965E2
8.115693E0	5.285890E0	-2.749514E2	-1.310577E1	-4.878085E2
8.132357E0	3.533457E0	-2.753398E2	-1.115331E1	-4.878641E2
8.149022E0	2.062979E0	-2.748586E2	-9.044057E0	-4.878257E2
8.165687E0	3.181074E-1	-2.751613E2	-7.340519E0	-4.877542E2
8.182351E0	-1.481720E0	-2.753325E2	-5.854961E0	-4.877666E2
8.199016E0	-3.184364E0	-2.753582E2	-2.665238E0	-4.876966E2
8.215681E0	-4.939104E0	-2.749216E2	-4.772713E-1	-4.876023E2
8.232345E0	-6.368082E0	-2.753506E2	2.509596E0	-4.875012E2
8.249010E0	-7.719825E0	-2.750624E2	5.496646E0	-4.873460E2
8.265675E0	-8.763801E0	-2.749897E2	8.093399E0	-4.872333E2
8.282339E0	-9.429951E0	-2.752217E2	7.868710E0	-4.866566E2
8.299004E0	-9.839617E0	-2.750079E2	9.188262E0	-4.864063E2
8.315669E0	-9.874757E0	-2.750141E2	9.669120E0	-4.864354E2
8.332333E0	-9.516010E0	-2.752372E2	9.636651E0	-4.864465E2
8.348998E0	-9.007238E0	-2.748793E2	9.107065E0	-4.865370E2
8.365663E0	-8.071496E0	-2.748812E2	9.563964E0	-4.871654E2
8.382327E0	-6.800185E0	-2.750582E2	8.010241E0	-4.873379E2
8.398992E0	-5.330379E0	-2.753044E2	5.691024E0	-4.875044E2
8.415657E0	-3.691997E0	-2.751640E2	3.255740E0	-4.875782E2
8.432321E0	-1.899679E0	-2.750111E2	7.505146E-1	-4.876671E2
8.448986E0	-2.814402E-2	-2.748201E2	-1.543174E0	-4.876986E2
8.465651E0	1.725501E0	-2.755596E2	-9.534618E-1	-4.884370E2
8.482315E0	3.518173E0	-2.754507E2	-4.384848E0	-4.878882E2
8.498980E0	5.495622E0	-2.751058E2	-6.146990E0	-4.877213E2
8.515645E0	7.042635E0	-2.748180E2	-7.267831E0	-4.877315E2
8.532309E0	8.450653E0	-2.748929E2	-8.509210E0	-4.876410E2
8.548974E0	9.537619E0	-2.749579E2	-1.066816E1	-4.867436E2
8.565639E0	1.039563E1	-2.747836E2	-1.094938E1	-4.868578E2
8.582303E0	1.095231E1	-2.745954E2	-1.088701E1	-4.868881E2
8.598968E0	1.110952E1	-2.746924E2	-1.069086E1	-4.867433E2
8.615633E0	1.104094E1	-2.746384E2	-9.801531E0	-4.867852E2
8.632297E0	1.045233E1	-2.751463E2	-8.783568E0	-4.866903E2
8.648962E0	9.942527E0	-2.746335E2	-5.731921E0	-4.875854E2
8.665627E0	9.010255E0	-2.746092E2	-3.725941E0	-4.875325E2
8.682291E0	7.620910E0	-2.753285E2	-2.012607E0	-4.875209E2
8.698956E0	6.436595E0	-2.751199E2	-3.434343E-1	-4.875514E2
8.715621E0	4.952520E0	-2.746794E2	3.163368E0	-4.875343E2
8.732285E0	3.471516E0	-2.751161E2	5.446810E0	-4.874452E2
8.748950E0	1.719679E0	-2.754417E2	8.470510E0	-4.873406E2
8.765615E0	4.321763E-1	-2.751697E2	1.107833E1	-4.872952E2
8.782279E0	-9.403603E-1	-2.749257E2	1.394110E1	-4.871872E2
8.798944E0	-2.143160E0	-2.753700E2	1.677468E1	-4.870702E2
8.815609E0	-3.110208E0	-2.754380E2	1.883750E1	-4.868736E2
8.832273E0	-3.948209E0	-2.748843E2	1.875114E1	-4.862441E2
8.848938E0	-4.466535E0	-2.753215E2	1.940146E1	-4.860729E2
8.865603E0	-4.772801E0	-2.751434E2	1.937199E1	-4.860655E2
8.882267E0	-4.721328E0	-2.751941E2	1.894112E1	-4.861447E2
8.898932E0	-4.389691E0	-2.752845E2	1.769681E1	-4.862847E2
8.915597E0	-3.874092E0	-2.749462E2	1.764484E1	-4.869535E2
8.932261E0	-3.059560E0	-2.748227E2	1.502595E1	-4.871268E2
8.948926E0	-2.115207E0	-2.754009E2	1.189509E1	-4.872999E2
8.965591E0	-9.902849E-1	-2.748888E2	8.732426E0	-4.873949E2
8.982255E0	3.022156E-1	-2.750596E2	5.332431E0	-4.874957E2
8.998920E0	1.604621E0	-2.752585E2	5.146306E0	-4.882650E2
9.015585E0	2.726964E0	-2.755027E2	-1.020035E0	-4.877057E2
9.032249E0	4.201160E0	-2.749827E2	-3.492092E0	-4.876380E2
9.048914E0	5.329258E0	-2.748713E2	-5.269960E0	-4.877017E2
9.065579E0	6.295747E0	-2.749160E2	-7.671264E0	-4.876135E2
9.082243E0	7.187047E0	-2.748417E2	-9.716509E0	-4.876694E2
9.098908E0	7.567273E0	-2.753304E2	-1.269653E1	-4.868287E2
9.115573E0	8.142351E0	-2.747333E2	-1.382886E1	-4.868823E2
9.132237E0	8.199874E0	-2.747482E2	-1.447558E1	-4.867966E2
9.148902E0	8.011798E0	-2.747284E2	-1.489259E1	-4.868986E2
9.165567E0	7.525251E0	-2.750899E2	-1.497559E1	-4.869247E2
9.182231E0	6.592755E0	-2.752536E2	-1.471960E1	-4.868396E2
9.198896E0	5.682493E0	-2.754822E2	-1.419160E1	-4.870058E2
9.215561E0	4.666587E0	-2.752100E2	-1.197498E1	-4.877695E2
9.232225E0	3.312645E0	-2.751270E2	-1.050242E1	-4.876581E2
9.248890E0	1.593314E0	-2.753695E2	-9.719364E0	-4.870012E2
9.265555E0	2.622162E-1	-2.750352E2	-7.211635E0	-4.876577E2
9.282219E0	-1.252009E0	-2.753727E2	-5.221456E0	-4.876539E2
9.298884E0	-2.796546E0	-2.751099E2	-3.142999E0	-4.876249E2
9.315549E0	-4.295813E0	-2.754726E2	-8.628627E-1	-4.875753E2
9.332213E0	-5.583808E0	-2.752349E2	1.325199E0	-4.875026E2
9.348878E0	-6.747080E0	-2.751617E2	3.676670E0	-4.874302E2
9.365543E0	-7.575646E0	-2.751394E2	5.950920E0	-4.873247E2
9.382207E0	-8.190402E0	-2.753738E2	7.487621E0	-4.871951E2
9.398872E0	-8.623392E0	-2.751263E2	8.710571E0	-4.871927E2
9.415537E0	-8.606393E0	-2.752313E2	9.209832E0	-4.871491E2
9.432201E0	-8.366622E0	-2.753829E2	9.201230E0	-4.871876E2
9.448866E0	-7.869356E0	-2.751678E2	8.775036E0	-4.872773E2
9.465531E0	-7.095685E0	-2.749041E2	7.701175E0	-4.873134E2
9.482195E0	-5.960779E0	-2.749904E2	6.150115E0	-4.874132E2
9.498860E0	-4.686347E0	-2.752713E2	4.286965E0	-4.874907E2
9.515525E0	-3.203601E0	-2.753104E2	2.171317E0	-4.875628E2
9.532189E0	-1.703417E0	-2.750200E2	2.809013E-1	-4.876395E2
9.548854E0	-2.364428E-2	-2.748848E2	-1.532275E0	-4.877063E2
9.565519E0	1.378717E0	-2.754015E2	-8.266928E-1	-4.884202E2
9.582183E0	3.181780E0	-2.749179E2	-4.663667E0	-4.876805E2
9.598848E0	4.743759E0	-2.752436E2	-5.556443E0	-4.876379E2
9.615513E0	6.168153E0	-2.748720E2	-6.713822E0	-4.875827E2
9.632177E0	7.418295E0	-2.750621E2	-7.564963E0	-4.875858E2
9.648842E0	8.380196E0	-2.748340E2	-8.056098E0	-4.876695E2
9.665507E0	9.111039E0	-2.745782E2	-8.338006E0	-4.876937E2
9.682171E0	9.630628E0	-2.751009E2	-8.320075E0	-4.876870E2
9.698836E0	9.784545E0	-2.750854E2	-7.994169E0	-4.876770E2
9.715501E0	9.593071E0	-2.751362E2	-7.191113E0	-4.876640E2
9.732165E0	9.495025E0	-2.749359E2	-5.883208E0	-4.876310E2
9.748830E0	8.629935E0	-2.751882E2	-4.278888E0	-4.876552E2
9.765495E0	8.042320E0	-2.748266E2	-2.762407E0	-4.875424E2
9.782159E0	7.130168E0	-2.747648E2	-1.604892E0	-4.875752E2
9.798824E0	5.752416E0	-2.754777E2	6.968998E-1	-4.876661E2
9.815489E0	4.463378E0	-2.753866E2	3.486038E0	-4.875738E2
9.832153E0	3.398335E0	-2.751708E2	7.708681E0	-4.882327E2
9.848818E0	2.071619E0	-2.748210E2	8.087901E0	-4.875140E2
9.865483E0	6.243127E-1	-2.754093E2	9.981917E0	-4.873547E2
9.882147E0	-5.424929E-1	-2.755451E2	1.247730E1	-4.872235E2
9.898812E0	-1.598184E0	-2.754612E2	1.455837E1	-4.871211E2
9.915477E0	-2.433613E0	-2.754628E2	1.625549E1	-4.870400E2
9.932141E0	-2.945113E0	-2.749465E2	1.766114E1	-4.869990E2
9.948806E0	-3.293612E0	-2.754133E2	1.835415E1	-4.868969E2
9.965471E0	-3.507395E0	-2.753440E2	1.836821E1	-4.869174E2
9.982135E0	-3.501693E0	-2.753408E2	1.794735E1	-4.869514E2
9.998800E0	-3.267540E0	-2.754185E2	1.693585E1	-4.870275E2
