#multi:
	mass A		mass B		
t	x	y	x	y	
0.000000E0	4.103920E1	-2.780350E2	8.925095E1	-4.867397E2
1.666450E-2	4.010611E1	-2.781643E2	8.848359E1	-4.867394E2
3.332900E-2	3.889649E1	-2.783153E2	8.742367E1	-4.867500E2
4.999350E-2	3.771769E1	-2.784376E2	8.576187E1	-4.869422E2
6.665800E-2	3.676979E1	-2.789846E2	8.334182E1	-4.872120E2
8.332250E-2	3.460560E1	-2.792614E2	8.002243E1	-4.879071E2
9.998700E-2	3.220634E1	-2.791314E2	7.630404E1	-4.884782E2
1.166515E-1	3.026915E1	-2.796621E2	7.193039E1	-4.891837E2
1.333160E-1	2.737455E1	-2.798335E2	6.692960E1	-4.898131E2
1.499805E-1	2.408163E1	-2.801722E2	6.135054E1	-4.905081E2
1.666450E-1	2.082045E1	-2.803049E2	5.450577E1	-4.909398E2
1.833095E-1	1.738800E1	-2.800619E2	4.859156E1	-4.921351E2
1.999740E-1	1.371530E1	-2.806527E2	4.143195E1	-4.928701E2
2.166385E-1	1.001375E1	-2.805231E2	3.359620E1	-4.932130E2
2.333030E-1	7.284522E0	-2.810175E2	2.552014E1	-4.938758E2
2.499675E-1	3.546035E0	-2.809460E2	1.715348E1	-4.944529E2
2.666320E-1	1.395560E-1	-2.812662E2	8.632811E0	-4.945564E2
2.832965E-1	-4.064830E0	-2.807443E2	-1.322277E0	-4.945309E2
2.999610E-1	-7.506274E0	-2.803180E2	-9.901400E0	-4.943968E2
3.166255E-1	-1.060247E1	-2.803062E2	-1.846738E1	-4.942564E2
3.332900E-1	-1.356984E1	-2.802269E2	-2.700370E1	-4.939266E2
3.499545E-1	-1.634366E1	-2.807476E2	-3.488007E1	-4.935861E2
3.666190E-1	-1.895721E1	-2.804341E2	-4.289715E1	-4.926397E2
3.832835E-1	-2.230819E1	-2.800232E2	-5.057989E1	-4.916954E2
3.999480E-1	-2.447749E1	-2.792973E2	-5.833210E1	-4.909956E2
4.166125E-1	-2.653537E1	-2.792358E2	-6.461812E1	-4.901698E2
4.332770E-1	-2.911971E1	-2.790088E2	-7.032987E1	-4.891468E2
4.499415E-1	-2.994335E1	-2.794721E2	-7.519217E1	-4.882178E2
4.666060E-1	-3.202833E1	-2.788840E2	-7.955514E1	-4.876747E2
4.832705E-1	-3.310989E1	-2.789378E2	-8.265408E1	-4.869919E2
4.999350E-1	-3.394627E1	-2.787414E2	-8.534498E1	-4.863873E2
5.165995E-1	-3.444116E1	-2.790739E2	-8.711234E1	-4.864145E2
5.332640E-1	-3.496036E1	-2.787210E2	-8.789916E1	-4.862478E2
5.499285E-1	-3.502203E1	-2.786827E2	-8.792396E1	-4.865811E2
5.665930E-1	-3.501110E1	-2.786793E2	-8.703572E1	-4.867106E2
5.832575E-1	-3.468706E1	-2.784758E2	-8.514772E1	-4.869121E2
5.999220E-1	-3.394067E1	-2.787265E2	-8.264684E1	-4.873743E2
6.165865E-1	-3.304746E1	-2.788692E2	-7.941936E1	-4.880027E2
6.332510E-1	-3.193074E1	-2.787673E2	-7.524238E1	-4.887904E2
6.499155E-1	-3.063528E1	-2.785358E2	-7.058848E1	-4.898070E2
6.665800E-1	-2.903022E1	-2.788903E2	-6.498180E1	-4.908795E2
6.832445E-1	-2.613217E1	-2.797082E2	-5.856963E1	-4.917124E2
6.999090E-1	-2.407933E1	-2.797278E2	-5.216306E1	-4.928829E2
7.165735E-1	-2.184534E1	-2.795742E2	-4.477917E1	-4.936145E2
7.332380E-1	-1.926543E1	-2.799498E2	-3.746210E1	-4.940966E2
7.499025E-1	-1.545451E1	-2.800636E2	-2.955837E1	-4.946883E2
7.665670E-1	-1.263440E1	-2.802694E2	-2.167810E1	-4.950809E2
7.832315E-1	-9.350939E0	-2.808170E2	-1.357783E1	-4.953996E2
7.998960E-1	-6.099267E0	-2.806823E2	-5.333839E0	-4.951830E2
8.165605E-1	-2.813595E0	-2.804524E2	3.351630E0	-4.955339E2
8.332250E-1	8.762642E-1	-2.806597E2	1.082565E1	-4.953516E2
8.498895E-1	5.635470E0	-2.815081E2	1.879140E1	-4.948583E2
8.665540E-1	9.338702E0	-2.810229E2	2.651025E1	-4.944249E2
8.832185E-1	1.210129E1	-2.804298E2	3.398401E1	-4.938348E2
8.998830E-1	1.586644E1	-2.805557E2	4.168248E1	-4.933103E2
9.165475E-1	1.953428E1	-2.799994E2	4.869977E1	-4.926032E2
9.332120E-1	2.303899E1	-2.802361E2	5.510354E1	-4.921293E2
9.498765E-1	2.522233E1	-2.792246E2	6.040319E1	-4.905487E2
9.665410E-1	2.826811E1	-2.791364E2	6.568073E1	-4.896750E2
9.832055E-1	3.112615E1	-2.791422E2	7.056835E1	-4.891149E2
9.998700E-1	3.359161E1	-2.793012E2	7.510385E1	-4.886990E2
1.016534E0	3.557049E1	-2.792515E2	7.871384E1	-4.881409E2
1.033199E0	3.651118E1	-2.779479E2	8.166743E1	-4.875241E2
1.049863E0	3.797266E1	-2.782526E2	8.377242E1	-4.870757E2
1.066528E0	3.870805E1	-2.783907E2	8.583110E1	-4.868953E2
1.083193E0	3.942448E1	-2.778917E2	8.705566E1	-4.868262E2
1.099857E0	3.941482E1	-2.778828E2	8.743574E1	-4.868029E2
1.116522E0	3.895435E1	-2.781604E2	8.731441E1	-4.866824E2
1.133186E0	3.842302E1	-2.778923E2	8.608257E1	-4.865713E2
1.149851E0	3.694414E1	-2.782358E2	8.472958E1	-4.862843E2
1.166515E0	3.545677E1	-2.780624E2	8.204497E1	-4.866725E2
1.183180E0	3.438750E1	-2.786387E2	7.825530E1	-4.870292E2
1.199844E0	3.234743E1	-2.789766E2	7.490944E1	-4.880120E2
1.216508E0	2.971260E1	-2.795333E2	7.091536E1	-4.889567E2
1.233173E0	2.769007E1	-2.802749E2	6.662608E1	-4.901442E2
1.249838E0	2.465361E1	-2.804600E2	6.172930E1	-4.911909E2
1.266502E0	2.151071E1	-2.799998E2	5.474998E1	-4.915199E2
1.283167E0	1.806906E1	-2.803268E2	4.793283E1	-4.921395E2
1.299831E0	1.474013E1	-2.805144E2	4.096499E1	-4.933635E2
1.316496E0	1.102690E1	-2.804882E2	3.388067E1	-4.940059E2
1.333160E0	7.463774E0	-2.802859E2	2.580083E1	-4.944970E2
1.349824E0	4.917959E0	-2.812762E2	1.801338E1	-4.950213E2
1.366489E0	1.486726E0	-2.809342E2	9.869021E0	-4.953875E2
1.383154E0	-2.924549E0	-2.806376E2	1.415476E0	-4.953083E2
1.399818E0	-6.276964E0	-2.808362E2	-7.537859E0	-4.953314E2
1.416483E0	-9.338087E0	-2.807863E2	-1.616501E1	-4.954020E2
1.433147E0	-1.236649E1	-2.807151E2	-2.397816E1	-4.953798E2
1.449812E0	-1.527820E1	-2.806819E2	-3.245914E1	-4.949256E2
1.466476E0	-1.873213E1	-2.796109E2	-4.034640E1	-4.942902E2
1.483140E0	-2.101995E1	-2.797465E2	-4.823876E1	-4.934834E2
1.499805E0	-2.334410E1	-2.798652E2	-5.532150E1	-4.920756E2
1.516469E0	-2.608633E1	-2.789712E2	-6.097340E1	-4.908638E2
1.533134E0	-2.807413E1	-2.789210E2	-6.702435E1	-4.897165E2
1.549799E0	-2.962579E1	-2.785352E2	-7.268157E1	-4.888677E2
1.566463E0	-3.122840E1	-2.789424E2	-7.702365E1	-4.884247E2
1.583128E0	-3.234278E1	-2.789937E2	-8.055941E1	-4.880632E2
1.599792E0	-3.338117E1	-2.790686E2	-8.327217E1	-4.880756E2
1.616456E0	-3.429113E1	-2.790317E2	-8.476146E1	-4.889238E2
1.633121E0	-3.529004E1	-2.781261E2	-8.577629E1	-4.879190E2
1.649785E0	-3.466477E1	-2.783549E2	-8.678607E1	-4.874462E2
1.666450E0	-3.532594E1	-2.781218E2	-8.563946E1	-4.878553E2
1.683115E0	-3.416355E1	-2.788040E2	-8.449156E1	-4.878619E2
1.699779E0	-3.367880E1	-2.783700E2	-8.289445E1	-4.882508E2
1.716444E0	-3.265561E1	-2.783836E2	-7.979401E1	-4.886980E2
1.733108E0	-3.156248E1	-2.783237E2	-7.614307E1	-4.898947E2
1.749772E0	-3.038696E1	-2.790472E2	-7.159080E1	-4.902633E2
1.766437E0	-2.887465E1	-2.786536E2	-6.647392E1	-4.912310E2
1.783101E0	-2.606672E1	-2.796407E2	-6.081861E1	-4.920795E2
1.799766E0	-2.404038E1	-2.796827E2	-5.434315E1	-4.930172E2
1.816430E0	-2.198332E1	-2.797699E2	-4.781685E1	-4.937638E2
1.833095E0	-1.859877E1	-2.801993E2	-4.039380E1	-4.943735E2
1.849760E0	-1.592861E1	-2.805093E2	-3.332548E1	-4.949086E2
1.866424E0	-1.287104E1	-2.805136E2	-2.470841E1	-4.958768E2
1.883089E0	-9.861725E0	-2.805204E2	-1.629365E1	-4.962491E2
1.899753E0	-5.619444E0	-2.810760E2	-8.777862E0	-4.964752E2
1.916418E0	-2.240545E0	-2.815281E2	-1.071765E0	-4.965114E2
1.933082E0	1.278078E0	-2.811577E2	6.888149E0	-4.965157E2
1.949747E0	4.777590E0	-2.814606E2	1.464635E1	-4.962854E2
1.966411E0	7.365198E0	-2.802563E2	2.225218E1	-4.962103E2
1.983076E0	1.090362E1	-2.805714E2	2.983569E1	-4.958824E2
1.999740E0	1.470786E1	-2.805758E2	3.707546E1	-4.956423E2
2.016405E0	1.829668E1	-2.801565E2	4.432435E1	-4.948128E2
2.033069E0	2.159353E1	-2.805549E2	5.036779E1	-4.943118E2
2.049733E0	2.509137E1	-2.801510E2	5.611108E1	-4.936884E2
2.066398E0	2.685161E1	-2.794341E2	6.141884E1	-4.929224E2
2.083063E0	2.939876E1	-2.790154E2	6.662463E1	-4.922288E2
2.099727E0	3.216900E1	-2.791198E2	7.119187E1	-4.916224E2
2.116392E0	3.454245E1	-2.787699E2	7.470933E1	-4.910887E2
2.133056E0	3.620980E1	-2.788813E2	7.819063E1	-4.905551E2
2.149720E0	3.772413E1	-2.791030E2	8.103750E1	-4.904122E2
2.166385E0	3.769988E1	-2.784672E2	8.237623E1	-4.898500E2
2.183050E0	3.818838E1	-2.781715E2	8.357851E1	-4.895618E2
2.199714E0	3.840320E1	-2.780658E2	8.413183E1	-4.896007E2
2.216379E0	3.818794E1	-2.781750E2	8.414655E1	-4.894522E2
2.233043E0	3.775977E1	-2.783348E2	8.319007E1	-4.890773E2
2.249707E0	3.676704E1	-2.784259E2	8.159337E1	-4.886332E2
2.266372E0	3.523340E1	-2.781358E2	7.959753E1	-4.885170E2
2.283037E0	3.436518E1	-2.787209E2	7.678402E1	-4.893580E2
2.299701E0	3.215545E1	-2.791686E2	7.334115E1	-4.904029E2
2.316365E0	2.975146E1	-2.795423E2	6.941750E1	-4.914654E2
2.333030E0	2.793020E1	-2.801379E2	6.489883E1	-4.927100E2
2.349695E0	2.522317E1	-2.801417E2	5.934854E1	-4.941819E2
2.366359E0	2.200699E1	-2.803200E2	5.360266E1	-4.943323E2
2.383024E0	1.881466E1	-2.804470E2	4.743670E1	-4.948353E2
2.399688E0	1.558395E1	-2.806702E2	4.042003E1	-4.953834E2
2.416352E0	1.211529E1	-2.804673E2	3.306619E1	-4.959172E2
2.433017E0	9.298513E0	-2.810096E2	2.526510E1	-4.962570E2
2.449682E0	5.818281E0	-2.813475E2	1.741075E1	-4.966798E2
2.466346E0	2.299704E0	-2.810603E2	9.365622E0	-4.969958E2
2.483010E0	-9.482896E-1	-2.812789E2	8.775986E-1	-4.971403E2
2.499675E0	-4.991917E0	-2.806862E2	-6.963923E0	-4.972003E2
2.516339E0	-8.246150E0	-2.808140E2	-1.589887E1	-4.965054E2
2.533004E0	-1.100941E1	-2.806125E2	-2.332919E1	-4.963379E2
2.549669E0	-1.413763E1	-2.807147E2	-3.166209E1	-4.955415E2
2.566333E0	-1.681872E1	-2.803518E2	-3.956107E1	-4.950463E2
2.582997E0	-2.014778E1	-2.799380E2	-4.633204E1	-4.944601E2
2.599662E0	-2.239464E1	-2.800352E2	-5.352877E1	-4.935993E2
2.616326E0	-2.446859E1	-2.793122E2	-5.982497E1	-4.926854E2
2.632991E0	-2.629511E1	-2.797695E2	-6.543184E1	-4.917431E2
2.649655E0	-2.811953E1	-2.795956E2	-7.061780E1	-4.908184E2
2.666320E0	-2.966949E1	-2.792324E2	-7.518614E1	-4.900493E2
2.682984E0	-3.093291E1	-2.793229E2	-7.879673E1	-4.893350E2
2.699649E0	-3.254977E1	-2.785219E2	-8.136049E1	-4.888222E2
2.716314E0	-3.335367E1	-2.789726E2	-8.369875E1	-4.883908E2
2.732978E0	-3.365615E1	-2.785250E2	-8.490524E1	-4.880885E2
2.749642E0	-3.388652E1	-2.786863E2	-8.522784E1	-4.883369E2
2.766307E0	-3.388652E1	-2.786863E2	-8.471933E1	-4.881426E2
2.782971E0	-3.366955E1	-2.784671E2	-8.366028E1	-4.883659E2
2.799636E0	-3.296346E1	-2.786594E2	-8.148005E1	-4.888430E2
2.816300E0	-3.232278E1	-2.790662E2	-7.906180E1	-4.893667E2
2.832965E0	-3.128759E1	-2.790335E2	-7.540327E1	-4.898648E2
2.849629E0	-3.000313E1	-2.788884E2	-7.110575E1	-4.908473E2
2.866294E0	-2.769729E1	-2.793127E2	-6.659880E1	-4.913976E2
2.882958E0	-2.602338E1	-2.796806E2	-6.064232E1	-4.925643E2
2.899623E0	-2.397946E1	-2.797140E2	-5.493615E1	-4.932169E2
2.916287E0	-2.104716E1	-2.804921E2	-4.830359E1	-4.936718E2
2.932952E0	-1.841617E1	-2.807707E2	-4.123585E1	-4.945905E2
2.949617E0	-1.587627E1	-2.805255E2	-3.441779E1	-4.953168E2
2.966281E0	-1.303304E1	-2.806878E2	-2.691145E1	-4.955570E2
2.982946E0	-9.979530E0	-2.806257E2	-1.918559E1	-4.957264E2
2.999610E0	-6.678819E0	-2.803282E2	-1.155739E1	-4.961922E2
3.016275E0	-3.621512E0	-2.803257E2	-3.198161E0	-4.962134E2
3.032939E0	-1.407356E-1	-2.807073E2	4.538639E0	-4.962259E2
3.049604E0	4.216694E0	-2.811715E2	1.210006E1	-4.962643E2
3.066268E0	6.801211E0	-2.806565E2	2.040175E1	-4.961547E2
3.082933E0	1.021920E1	-2.802823E2	2.776742E1	-4.958847E2
3.099597E0	1.379841E1	-2.805957E2	3.454349E1	-4.952798E2
3.116262E0	1.711517E1	-2.803215E2	4.147193E1	-4.948552E2
3.132926E0	2.025792E1	-2.801184E2	4.757528E1	-4.942430E2
3.149591E0	2.349727E1	-2.798728E2	5.406977E1	-4.937685E2
3.166255E0	2.645454E1	-2.797632E2	5.935595E1	-4.929736E2
3.182920E0	2.827944E1	-2.792106E2	6.453103E1	-4.924676E2
3.199584E0	3.100258E1	-2.792413E2	6.871454E1	-4.916446E2
3.216249E0	3.299322E1	-2.791285E2	7.262718E1	-4.909017E2
3.232913E0	3.498364E1	-2.790749E2	7.586079E1	-4.908607E2
3.249578E0	3.638462E1	-2.787280E2	7.870046E1	-4.903820E2
3.266242E0	3.733683E1	-2.787114E2	8.058929E1	-4.900200E2
3.282907E0	3.813476E1	-2.788167E2	8.213924E1	-4.898280E2
3.299571E0	3.833230E1	-2.787202E2	8.290673E1	-4.898732E2
3.316236E0	3.813652E1	-2.788560E2	8.298319E1	-4.898730E2
3.332900E0	3.673892E1	-2.785212E2	8.226909E1	-4.898225E2
3.349565E0	3.576426E1	-2.784412E2	8.087054E1	-4.894746E2
3.366229E0	3.478969E1	-2.784907E2	7.890675E1	-4.893729E2
3.382894E0	3.403795E1	-2.790472E2	7.641458E1	-4.897218E2
3.399558E0	3.208032E1	-2.790932E2	7.289949E1	-4.905899E2
3.416222E0	2.988232E1	-2.793892E2	6.917285E1	-4.917707E2
3.432887E0	2.823673E1	-2.799610E2	6.501801E1	-4.934981E2
3.449552E0	2.548751E1	-2.797384E2	5.960797E1	-4.935482E2
3.466216E0	2.231459E1	-2.800308E2	5.415754E1	-4.939631E2
3.482881E0	1.933923E1	-2.801541E2	4.817696E1	-4.947357E2
3.499545E0	1.612500E1	-2.803887E2	4.116284E1	-4.952730E2
3.516209E0	1.270803E1	-2.806957E2	3.418211E1	-4.958826E2
3.532874E0	1.018307E1	-2.810731E2	2.682401E1	-4.962233E2
3.549539E0	5.860887E0	-2.806496E2	1.942992E1	-4.968942E2
3.566203E0	3.406305E0	-2.809359E2	1.169881E1	-4.971042E2
3.582868E0	7.756502E-2	-2.812852E2	3.332526E0	-4.971104E2
3.599532E0	-4.019497E0	-2.806851E2	-5.262373E0	-4.970992E2
3.616197E0	-7.108394E0	-2.806473E2	-1.420557E1	-4.966540E2
3.632861E0	-1.005847E1	-2.805872E2	-2.123198E1	-4.964032E2
3.649526E0	-1.304699E1	-2.805413E2	-2.877813E1	-4.963430E2
3.666190E0	-1.570168E1	-2.802526E2	-3.673935E1	-4.955809E2
3.682854E0	-1.919217E1	-2.799739E2	-4.422102E1	-4.946934E2
3.699519E0	-2.154150E1	-2.794512E2	-5.093480E1	-4.940572E2
3.716184E0	-2.369230E1	-2.794311E2	-5.704151E1	-4.933296E2
3.732848E0	-2.575367E1	-2.794333E2	-6.262130E1	-4.925196E2
3.749513E0	-2.817031E1	-2.790442E2	-6.706769E1	-4.917829E2
3.766177E0	-2.896537E1	-2.794263E2	-7.151946E1	-4.907477E2
3.782841E0	-3.091088E1	-2.788188E2	-7.597520E1	-4.898912E2
3.799506E0	-3.195533E1	-2.787937E2	-7.895686E1	-4.894606E2
3.816171E0	-3.274602E1	-2.785590E2	-8.083898E1	-4.889601E2
3.832835E0	-3.326357E1	-2.790103E2	-8.218699E1	-4.889729E2
3.849499E0	-3.355183E1	-2.784015E2	-8.267277E1	-4.888268E2
3.866164E0	-3.355183E1	-2.784015E2	-8.261871E1	-4.888225E2
3.882829E0	-3.328611E1	-2.789317E2	-8.182179E1	-4.889894E2
3.899493E0	-3.283992E1	-2.786637E2	-8.035346E1	-4.888939E2
3.916158E0	-3.206707E1	-2.788400E2	-7.747497E1	-4.897464E2
3.932822E0	-3.108952E1	-2.788969E2	-7.474010E1	-4.901287E2
3.949486E0	-2.921543E1	-2.797226E2	-7.052144E1	-4.907332E2
3.966151E0	-2.771666E1	-2.793768E2	-6.641031E1	-4.911623E2
3.982816E0	-2.610379E1	-2.797123E2	-6.133087E1	-4.919467E2
3.999480E0	-2.419881E1	-2.797798E2	-5.580829E1	-4.928445E2
4.016145E0	-2.217199E1	-2.798798E2	-4.920952E1	-4.936451E2
4.032809E0	-1.898474E1	-2.805157E2	-4.264198E1	-4.945216E2
4.049474E0	-1.628724E1	-2.807408E2	-3.568150E1	-4.951665E2
4.066138E0	-1.333895E1	-2.808033E2	-2.833917E1	-4.957615E2
4.082803E0	-1.043703E1	-2.809420E2	-2.068290E1	-4.962160E2
4.099467E0	-7.688131E0	-2.803724E2	-1.347179E1	-4.965121E2
4.116132E0	-3.487693E0	-2.809238E2	-5.571549E0	-4.966319E2
4.132796E0	-1.017335E0	-2.805431E2	1.810916E0	-4.962997E2
4.149460E0	2.306921E0	-2.802893E2	1.034621E1	-4.967589E2
4.166125E0	5.696244E0	-2.808011E2	1.722870E1	-4.962265E2
4.182790E0	9.105151E0	-2.805053E2	2.487049E1	-4.960660E2
4.199454E0	1.261100E1	-2.807728E2	3.233468E1	-4.958459E2
4.216119E0	1.577186E1	-2.806034E2	3.916465E1	-4.951025E2
4.232783E0	1.901504E1	-2.803556E2	4.566960E1	-4.946773E2
4.249448E0	2.223259E1	-2.801244E2	5.139918E1	-4.937579E2
4.266112E0	2.525808E1	-2.799999E2	5.714250E1	-4.935650E2
4.282776E0	2.699899E1	-2.793903E2	6.208255E1	-4.926515E2
4.299441E0	2.931351E1	-2.791358E2	6.656479E1	-4.918413E2
4.316105E0	3.154358E1	-2.788955E2	7.082395E1	-4.916087E2
4.332770E0	3.346959E1	-2.788439E2	7.370447E1	-4.906352E2
4.349435E0	3.499808E1	-2.790971E2	7.688195E1	-4.905270E2
4.366099E0	3.595160E1	-2.790230E2	7.900914E1	-4.904125E2
4.382764E0	3.693830E1	-2.790222E2	8.050468E1	-4.899481E2
4.399428E0	3.739948E1	-2.787372E2	8.146911E1	-4.897018E2
4.416092E0	3.739948E1	-2.787372E2	8.166610E1	-4.893493E2
4.432757E0	3.693733E1	-2.790212E2	8.128912E1	-4.896195E2
4.449422E0	3.615802E1	-2.789021E2	7.983414E1	-4.900886E2
4.466086E0	3.502159E1	-2.790884E2	7.849595E1	-4.903571E2
4.482750E0	3.348675E1	-2.788649E2	7.577459E1	-4.904900E2
4.499415E0	3.180003E1	-2.793579E2	7.242661E1	-4.909872E2
4.516080E0	2.960543E1	-2.795482E2	6.884294E1	-4.916105E2
4.532744E0	2.823890E1	-2.798483E2	6.431910E1	-4.921272E2
4.549409E0	2.575511E1	-2.802551E2	5.958025E1	-4.927657E2
4.566073E0	2.279346E1	-2.803592E2	5.426535E1	-4.936584E2
4.582738E0	1.977270E1	-2.805030E2	4.770029E1	-4.939520E2
4.599402E0	1.664476E1	-2.806835E2	4.181086E1	-4.947704E2
4.616066E0	1.337324E1	-2.802579E2	3.462332E1	-4.954521E2
4.632731E0	1.016642E1	-2.803539E2	2.744150E1	-4.960046E2
4.649396E0	6.870750E0	-2.806138E2	1.978444E1	-4.961983E2
4.666060E0	3.524186E0	-2.802904E2	1.235078E1	-4.966862E2
4.682724E0	1.748930E-1	-2.805082E2	5.216840E0	-4.969815E2
4.699389E0	-2.809427E0	-2.804768E2	-2.834093E0	-4.970828E2
4.716054E0	-6.006204E0	-2.805657E2	-1.133280E1	-4.967150E2
4.732718E0	-9.193371E0	-2.806746E2	-1.893943E1	-4.963894E2
4.749382E0	-1.222546E1	-2.806339E2	-2.654971E1	-4.961843E2
4.766047E0	-1.488655E1	-2.803752E2	-3.388661E1	-4.955374E2
4.782712E0	-1.814202E1	-2.798652E2	-4.102997E1	-4.948258E2
4.799376E0	-2.062667E1	-2.794067E2	-4.842269E1	-4.938198E2
4.816040E0	-2.290778E1	-2.795684E2	-5.361991E1	-4.935393E2
4.832705E0	-2.468088E1	-2.793889E2	-5.974832E1	-4.926646E2
4.849369E0	-2.735212E1	-2.791170E2	-6.477019E1	-4.917672E2
4.866034E0	-2.906305E1	-2.788867E2	-6.974290E1	-4.909054E2
4.882699E0	-2.933971E1	-2.798996E2	-7.281523E1	-4.907296E2
4.899363E0	-3.118562E1	-2.790217E2	-7.645305E1	-4.898398E2
4.916028E0	-3.199333E1	-2.788236E2	-7.890980E1	-4.896552E2
4.932692E0	-3.288978E1	-2.786811E2	-8.044052E1	-4.889009E2
4.949356E0	-3.297687E1	-2.787340E2	-8.125783E1	-4.888153E2
4.966021E0	-3.297687E1	-2.787340E2	-8.138537E1	-4.888411E2
4.982686E0	-3.297623E1	-2.787187E2	-8.088573E1	-4.890424E2
4.999350E0	-3.179500E1	-2.793220E2	-7.952571E1	-4.891120E2
5.016014E0	-3.111559E1	-2.796858E2	-7.710924E1	-4.898508E2
5.032679E0	-3.100607E1	-2.788230E2	-7.448339E1	-4.899740E2
5.049343E0	-3.000409E1	-2.788320E2	-7.079871E1	-4.908277E2
5.066008E0	-2.751585E1	-2.792261E2	-6.624107E1	-4.916085E2
5.082672E0	-2.597223E1	-2.796854E2	-6.163796E1	-4.923387E2
5.099337E0	-2.412132E1	-2.798365E2	-5.627669E1	-4.927663E2
5.116002E0	-2.209200E1	-2.798159E2	-5.050579E1	-4.936481E2
5.132666E0	-1.889777E1	-2.805135E2	-4.385014E1	-4.945399E2
5.149330E0	-1.661762E1	-2.802471E2	-3.763956E1	-4.949716E2
5.165995E0	-1.389924E1	-2.805004E2	-3.001972E1	-4.955271E2
5.182659E0	-1.114997E1	-2.807046E2	-2.276841E1	-4.958091E2
5.199324E0	-8.087728E0	-2.806560E2	-1.574261E1	-4.960891E2
5.215989E0	-5.060811E0	-2.806860E2	-8.120136E0	-4.963010E2
5.232653E0	-9.872062E-1	-2.812908E2	-4.132112E-1	-4.962824E2
5.249318E0	1.382401E0	-2.803288E2	7.237564E0	-4.967336E2
5.265982E0	5.551099E0	-2.808803E2	1.510812E1	-4.962172E2
5.282647E0	8.916007E0	-2.813519E2	2.257278E1	-4.960538E2
5.299311E0	1.218900E1	-2.810767E2	3.004415E1	-4.959484E2
5.315976E0	1.463649E1	-2.806683E2	3.664858E1	-4.953785E2
5.332640E0	1.799324E1	-2.803494E2	4.335859E1	-4.948424E2
5.349305E0	2.098692E1	-2.802931E2	4.941318E1	-4.943535E2
5.365969E0	2.368628E1	-2.803994E2	5.487789E1	-4.937025E2
5.382633E0	2.638926E1	-2.798986E2	5.973091E1	-4.930229E2
5.399298E0	2.804762E1	-2.793744E2	6.434449E1	-4.925845E2
5.415963E0	3.025408E1	-2.791534E2	6.822316E1	-4.920764E2
5.432627E0	3.215453E1	-2.791183E2	7.216038E1	-4.915794E2
5.449292E0	3.361503E1	-2.793230E2	7.491983E1	-4.911434E2
5.465956E0	3.486717E1	-2.791439E2	7.737507E1	-4.905140E2
5.482621E0	3.564779E1	-2.792519E2	7.926406E1	-4.904155E2
5.499285E0	3.615252E1	-2.789746E2	8.024385E1	-4.904191E2
5.515949E0	3.634786E1	-2.787645E2	8.072722E1	-4.903786E2
5.532614E0	3.612507E1	-2.789180E2	8.035758E1	-4.904445E2
5.549279E0	3.540103E1	-2.788278E2	7.923411E1	-4.906193E2
5.565943E0	3.439264E1	-2.788808E2	7.750967E1	-4.907442E2
5.582607E0	3.316288E1	-2.790645E2	7.517781E1	-4.911645E2
5.599272E0	3.160132E1	-2.794274E2	7.249267E1	-4.915636E2
5.615937E0	2.945953E1	-2.790665E2	6.872855E1	-4.919312E2
5.632601E0	2.814276E1	-2.799329E2	6.469552E1	-4.925629E2
5.649266E0	2.565571E1	-2.803015E2	5.978940E1	-4.929406E2
5.665930E0	2.295634E1	-2.802433E2	5.447721E1	-4.937636E2
5.682595E0	2.021170E1	-2.801508E2	4.908809E1	-4.946663E2
5.699259E0	1.728586E1	-2.802024E2	4.240573E1	-4.949505E2
5.715923E0	1.400197E1	-2.804699E2	3.597965E1	-4.957632E2
5.732588E0	1.091523E1	-2.806025E2	2.936330E1	-4.960392E2
5.749253E0	8.344330E0	-2.810562E2	2.148352E1	-4.967991E2
5.765917E0	5.319739E0	-2.809919E2	1.415889E1	-4.970039E2
5.782582E0	1.082256E0	-2.805723E2	6.629834E0	-4.970543E2
5.799246E0	-1.855135E0	-2.805115E2	-8.308471E-1	-4.971745E2
5.815911E0	-5.237563E0	-2.809125E2	-8.790069E0	-4.972223E2
5.832575E0	-8.275109E0	-2.808612E2	-1.651586E1	-4.966618E2
5.849239E0	-1.100056E1	-2.805805E2	-2.391038E1	-4.963907E2
5.865904E0	-1.374481E1	-2.803863E2	-3.116571E1	-4.957648E2
5.882569E0	-1.626081E1	-2.807397E2	-3.850213E1	-4.951226E2
5.899233E0	-1.867556E1	-2.803158E2	-4.468337E1	-4.945903E2
5.915897E0	-2.099497E1	-2.804690E2	-5.106108E1	-4.938189E2
5.932562E0	-2.384117E1	-2.796874E2	-5.650347E1	-4.928475E2
5.949226E0	-2.556379E1	-2.793504E2	-6.190885E1	-4.923112E2
5.965891E0	-2.708497E1	-2.796869E2	-6.627703E1	-4.916170E2
5.982556E0	-2.920668E1	-2.790720E2	-7.035520E1	-4.908063E2
5.999220E0	-2.968652E1	-2.793393E2	-7.384445E1	-4.902417E2
6.015885E0	-3.070706E1	-2.792084E2	-7.628062E1	-4.897819E2
6.032549E0	-3.200500E1	-2.788365E2	-7.777755E1	-4.897878E2
6.049213E0	-3.230251E1	-2.791101E2	-7.903475E1	-4.896664E2
6.065878E0	-3.189599E1	-2.792962E2	-7.859797E1	-4.897092E2
6.082543E0	-3.182211E1	-2.792927E2	-7.838523E1	-4.897204E2
6.099207E0	-3.203288E1	-2.789166E2	-7.734893E1	-4.898389E2
6.115871E0	-3.078695E1	-2.792952E2	-7.575757E1	-4.900326E2
6.132536E0	-2.997367E1	-2.795477E2	-7.289919E1	-4.907295E2
6.149201E0	-2.870553E1	-2.793092E2	-6.981220E1	-4.910705E2
6.165865E0	-2.752363E1	-2.792193E2	-6.566173E1	-4.917571E2
6.182530E0	-2.595452E1	-2.796742E2	-6.072430E1	-4.926405E2
6.199194E0	-2.416312E1	-2.798838E2	-5.630191E1	-4.928809E2
6.215859E0	-2.234578E1	-2.800639E2	-5.031990E1	-4.936134E2
6.232523E0	-1.919737E1	-2.806943E2	-4.446510E1	-4.944712E2
6.249187E0	-1.682494E1	-2.804219E2	-3.766704E1	-4.954149E2
6.265852E0	-1.431123E1	-2.808199E2	-3.119525E1	-4.955542E2
6.282516E0	-1.160996E1	-2.803313E2	-2.406036E1	-4.963379E2
6.299181E0	-8.650969E0	-2.802459E2	-1.692610E1	-4.966222E2
6.315846E0	-5.667629E0	-2.803222E2	-9.543302E0	-4.967991E2
6.332510E0	-2.670758E0	-2.803382E2	-1.665606E0	-4.971017E2
6.349175E0	1.531591E0	-2.809171E2	6.029694E0	-4.970856E2
6.365839E0	3.842630E0	-2.806908E2	1.339398E1	-4.970080E2
6.382503E0	7.975956E0	-2.813406E2	2.027996E1	-4.969106E2
6.399168E0	1.126323E1	-2.810367E2	2.717652E1	-4.964076E2
6.415833E0	1.361428E1	-2.807646E2	3.406138E1	-4.959223E2
6.432497E0	1.662671E1	-2.806887E2	4.011470E1	-4.952241E2
6.449161E0	1.960523E1	-2.805643E2	4.666141E1	-4.947522E2
6.465826E0	2.257051E1	-2.804550E2	5.234168E1	-4.938820E2
6.482490E0	2.527369E1	-2.799381E2	5.749313E1	-4.935550E2
6.499155E0	2.758853E1	-2.802538E2	6.203159E1	-4.928536E2
6.515820E0	2.886061E1	-2.794366E2	6.645337E1	-4.925130E2
6.532484E0	3.076772E1	-2.794706E2	6.965424E1	-4.917383E2
6.549149E0	3.233571E1	-2.790193E2	7.285801E1	-4.915094E2
6.565813E0	3.362780E1	-2.794063E2	7.525986E1	-4.911506E2
6.582477E0	3.465459E1	-2.793289E2	7.732172E1	-4.907324E2
6.599142E0	3.508656E1	-2.790234E2	7.834085E1	-4.905892E2
6.615806E0	3.530711E1	-2.788877E2	7.879576E1	-4.904906E2
6.632471E0	3.527564E1	-2.789170E2	7.870486E1	-4.904511E2
6.649136E0	3.485994E1	-2.791754E2	7.781439E1	-4.906546E2
6.665800E0	3.407876E1	-2.790517E2	7.641712E1	-4.908448E2
6.682465E0	3.287486E1	-2.792809E2	7.431562E1	-4.912193E2
6.699129E0	3.140216E1	-2.790282E2	7.164113E1	-4.916033E2
6.715794E0	2.947641E1	-2.791078E2	6.831653E1	-4.922866E2
6.732458E0	2.828500E1	-2.798567E2	6.448755E1	-4.926774E2
6.749123E0	2.588855E1	-2.802384E2	5.962273E1	-4.932562E2
6.765787E0	2.357892E1	-2.804448E2	5.503837E1	-4.939002E2
6.782452E0	2.083948E1	-2.804282E2	4.957261E1	-4.946633E2
6.799116E0	1.797261E1	-2.804591E2	4.329701E1	-4.950456E2
6.815780E0	1.484395E1	-2.805776E2	3.673875E1	-4.952661E2
6.832445E0	1.246997E1	-2.808639E2	3.013643E1	-4.959598E2
6.849110E0	9.355266E0	-2.809752E2	2.300805E1	-4.966468E2
6.865774E0	5.285356E0	-2.803339E2	1.564289E1	-4.964222E2
6.882439E0	2.111363E0	-2.805027E2	7.973737E0	-4.969341E2
6.899103E0	-1.110626E0	-2.807001E2	1.283369E0	-4.970510E2
6.915768E0	-4.167850E0	-2.808109E2	-6.175709E0	-4.970949E2
6.932432E0	-7.043859E0	-2.805961E2	-1.382438E1	-4.965560E2
6.949097E0	-1.007193E1	-2.805589E2	-2.118547E1	-4.962945E2
6.965761E0	-1.279304E1	-2.804223E2	-2.896292E1	-4.959621E2
6.982426E0	-1.524847E1	-2.807182E2	-3.520264E1	-4.953706E2
6.999090E0	-1.778734E1	-2.802784E2	-4.225845E1	-4.945815E2
7.015754E0	-2.090736E1	-2.796608E2	-4.874094E1	-4.940050E2
7.032419E0	-2.291414E1	-2.796090E2	-5.448208E1	-4.931578E2
7.049084E0	-2.472396E1	-2.794088E2	-5.930179E1	-4.925919E2
7.065748E0	-2.713666E1	-2.789592E2	-6.423336E1	-4.917819E2
7.082413E0	-2.776868E1	-2.793702E2	-6.748299E1	-4.916494E2
7.099077E0	-2.990949E1	-2.787457E2	-7.148115E1	-4.907826E2
7.115742E0	-3.069446E1	-2.785701E2	-7.443516E1	-4.901098E2
7.132406E0	-3.136037E1	-2.790163E2	-7.623907E1	-4.898991E2
7.149070E0	-3.188872E1	-2.786765E2	-7.734481E1	-4.897714E2
7.165735E0	-3.197476E1	-2.788489E2	-7.742983E1	-4.897242E2
7.182400E0	-3.197476E1	-2.788489E2	-7.724887E1	-4.897164E2
7.199064E0	-3.098951E1	-2.794066E2	-7.665174E1	-4.899165E2
7.215728E0	-3.030821E1	-2.797034E2	-7.503918E1	-4.901817E2
7.232393E0	-2.955195E1	-2.792564E2	-7.279172E1	-4.905987E2
7.249058E0	-2.856415E1	-2.792587E2	-6.960391E1	-4.909988E2
7.265722E0	-2.731397E1	-2.798701E2	-6.575330E1	-4.917484E2
7.282387E0	-2.575262E1	-2.794474E2	-6.158178E1	-4.922720E2
7.299051E0	-2.415495E1	-2.798233E2	-5.668707E1	-4.928447E2
7.315716E0	-2.222727E1	-2.799023E2	-5.126817E1	-4.935881E2
7.332380E0	-2.019627E1	-2.799234E2	-4.498794E1	-4.945626E2
7.349044E0	-1.701524E1	-2.805027E2	-3.933422E1	-4.949124E2
7.365709E0	-1.472950E1	-2.803322E2	-3.274657E1	-4.955572E2
7.382373E0	-1.198753E1	-2.805625E2	-2.631302E1	-4.957639E2
7.399038E0	-9.175748E0	-2.807730E2	-1.895790E1	-4.963793E2
7.415703E0	-5.552173E0	-2.809499E2	-1.248040E1	-4.965911E2
7.432367E0	-2.491401E0	-2.809876E2	-4.008827E0	-4.971243E2
7.449032E0	-2.345335E-1	-2.808289E2	3.530283E0	-4.970380E2
7.465696E0	3.878475E0	-2.813543E2	1.019515E1	-4.969843E2
7.482360E0	7.128298E0	-2.811766E2	1.768536E1	-4.968999E2
7.499025E0	9.168426E0	-2.804131E2	2.485235E1	-4.967283E2
7.515690E0	1.218976E1	-2.804031E2	3.157173E1	-4.958959E2
7.532354E0	1.541973E1	-2.801653E2	3.750704E1	-4.951991E2
7.549018E0	1.858462E1	-2.805992E2	4.402679E1	-4.948457E2
7.565683E0	2.124523E1	-2.800687E2	4.955860E1	-4.944598E2
7.582348E0	2.372444E1	-2.804397E2	5.496638E1	-4.937671E2
7.599012E0	2.620151E1	-2.800037E2	5.953589E1	-4.932255E2
7.615677E0	2.839266E1	-2.797213E2	6.351686E1	-4.926798E2
7.632341E0	2.942055E1	-2.790999E2	6.717188E1	-4.920037E2
7.649006E0	3.111048E1	-2.791271E2	7.094571E1	-4.917352E2
7.665670E0	3.241596E1	-2.789229E2	7.337579E1	-4.914069E2
7.682334E0	3.343045E1	-2.788534E2	7.513234E1	-4.910457E2
7.698999E0	3.419263E1	-2.789837E2	7.639203E1	-4.906988E2
7.715664E0	3.443184E1	-2.788077E2	7.714890E1	-4.906977E2
7.732328E0	3.443517E1	-2.788108E2	7.715712E1	-4.906878E2
7.748992E0	3.416950E1	-2.790193E2	7.654695E1	-4.906396E2
7.765657E0	3.338791E1	-2.789470E2	7.535860E1	-4.908927E2
7.782322E0	3.233782E1	-2.791026E2	7.349429E1	-4.913800E2
7.798986E0	3.111263E1	-2.792398E2	7.111188E1	-4.916985E2
7.815650E0	3.002001E1	-2.799608E2	6.764334E1	-4.919221E2
7.832315E0	2.823664E1	-2.798338E2	6.405885E1	-4.927718E2
7.848980E0	2.603485E1	-2.800922E2	5.961562E1	-4.932666E2
7.865644E0	2.350450E1	-2.799096E2	5.530499E1	-4.939030E2
7.882308E0	2.108289E1	-2.802898E2	5.031324E1	-4.946413E2
7.898973E0	1.822033E1	-2.801724E2	4.405132E1	-4.949266E2
7.915637E0	1.537131E1	-2.801788E2	3.774995E1	-4.952697E2
7.932302E0	1.237363E1	-2.802400E2	3.149786E1	-4.959052E2
7.948967E0	1.004709E1	-2.811571E2	2.464635E1	-4.959815E2
7.965631E0	6.938016E0	-2.812510E2	1.789272E1	-4.967824E2
7.982296E0	2.898863E0	-2.807414E2	1.088027E1	-4.970133E2
7.998960E0	-1.731187E-1	-2.807863E2	3.140756E0	-4.970321E2
8.015624E0	-2.582421E0	-2.809582E2	-4.556726E0	-4.965629E2
8.032289E0	-6.097261E0	-2.807073E2	-1.218049E1	-4.963815E2
8.048953E0	-9.027492E0	-2.807136E2	-1.945504E1	-4.963169E2
8.065618E0	-1.177451E1	-2.804248E2	-2.666559E1	-4.960182E2
8.082282E0	-1.428082E1	-2.806912E2	-3.307902E1	-4.955398E2
8.098947E0	-1.669916E1	-2.802946E2	-3.959191E1	-4.948123E2
8.115611E0	-1.900227E1	-2.804129E2	-4.508321E1	-4.945665E2
8.132276E0	-2.198574E1	-2.797702E2	-5.126209E1	-4.936089E2
8.148941E0	-2.382075E1	-2.795830E2	-5.656271E1	-4.928432E2
8.165605E0	-2.558836E1	-2.794001E2	-6.105425E1	-4.925211E2
8.182270E0	-2.704407E1	-2.796884E2	-6.474904E1	-4.916898E2
8.198934E0	-2.835182E1	-2.798106E2	-6.843609E1	-4.910412E2
8.215599E0	-3.000042E1	-2.788884E2	-7.105956E1	-4.907752E2
8.232263E0	-2.994404E1	-2.794543E2	-7.326444E1	-4.901038E2
8.248928E0	-3.114895E1	-2.789979E2	-7.478817E1	-4.901241E2
8.265592E0	-3.063444E1	-2.791931E2	-7.550101E1	-4.898465E2
8.282256E0	-3.063710E1	-2.791935E2	-7.552708E1	-4.898869E2
8.298921E0	-3.115919E1	-2.790306E2	-7.481771E1	-4.901593E2
8.315586E0	-2.992780E1	-2.794102E2	-7.357244E1	-4.903239E2
8.332250E0	-2.928480E1	-2.797772E2	-7.138900E1	-4.905465E2
8.348915E0	-2.825811E1	-2.797241E2	-6.867579E1	-4.910281E2
8.365579E0	-2.720675E1	-2.797758E2	-6.533195E1	-4.912680E2
8.382244E0	-2.574961E1	-2.795166E2	-6.122915E1	-4.918328E2
8.398908E0	-2.413455E1	-2.798858E2	-5.678878E1	-4.927154E2
8.415572E0	-2.231682E1	-2.800843E2	-5.159501E1	-4.934834E2
8.432237E0	-1.952236E1	-2.801678E2	-4.642682E1	-4.937369E2
8.448901E0	-1.744610E1	-2.802029E2	-3.975357E1	-4.947435E2
8.465566E0	-1.494416E1	-2.805485E2	-3.377131E1	-4.954003E2
8.482231E0	-1.234759E1	-2.808709E2	-2.748908E1	-4.957381E2
8.498895E0	-9.673300E0	-2.804471E2	-2.023229E1	-4.962576E2
8.515560E0	-6.774724E0	-2.804637E2	-1.372562E1	-4.964397E2
8.532224E0	-3.928160E0	-2.806136E2	-6.427735E0	-4.964878E2
8.548889E0	-5.813578E-2	-2.813550E2	1.040226E0	-4.966099E2
8.565553E0	3.087238E0	-2.812804E2	8.517782E0	-4.964629E2
8.582218E0	6.134410E0	-2.812940E2	1.529694E1	-4.962758E2
8.598882E0	9.096944E0	-2.812078E2	2.218913E1	-4.962892E2
8.615547E0	1.208439E1	-2.811076E2	2.890512E1	-4.959106E2
8.632211E0	1.504302E1	-2.811605E2	3.532051E1	-4.954229E2
8.648876E0	1.706367E1	-2.804482E2	4.126887E1	-4.950831E2
8.665540E0	1.990888E1	-2.804482E2	4.727988E1	-4.946494E2
8.682204E0	2.240667E1	-2.800926E2	5.271533E1	-4.938767E2
8.698869E0	2.492601E1	-2.802365E2	5.742656E1	-4.935761E2
8.715533E0	2.713214E1	-2.799995E2	6.174524E1	-4.928057E2
8.732198E0	2.914297E1	-2.799473E2	6.562818E1	-4.925310E2
8.748862E0	2.975695E1	-2.794721E2	6.875405E1	-4.918154E2
8.765527E0	3.117382E1	-2.792101E2	7.134372E1	-4.915365E2
8.782192E0	3.237899E1	-2.789905E2	7.321168E1	-4.913613E2
8.798856E0	3.309319E1	-2.791141E2	7.456872E1	-4.908660E2
8.815520E0	3.353568E1	-2.788530E2	7.565559E1	-4.906258E2
8.832185E0	3.355969E1	-2.794638E2	7.566873E1	-4.905929E2
8.848850E0	3.330758E1	-2.790620E2	7.510371E1	-4.909216E2
8.865514E0	3.283694E1	-2.793277E2	7.390478E1	-4.913708E2
8.882179E0	3.182654E1	-2.794373E2	7.270086E1	-4.914199E2
8.898843E0	3.059293E1	-2.795178E2	7.033949E1	-4.916786E2
8.915508E0	2.909052E1	-2.792648E2	6.723105E1	-4.924818E2
8.932172E0	2.828205E1	-2.798262E2	6.359140E1	-4.926103E2
8.948836E0	2.612938E1	-2.800967E2	5.960650E1	-4.929169E2
8.965501E0	2.395345E1	-2.802241E2	5.528459E1	-4.937561E2
8.982166E0	2.148455E1	-2.800581E2	4.974223E1	-4.945898E2
8.998830E0	1.872990E1	-2.805123E2	4.440704E1	-4.948844E2
9.015495E0	1.596699E1	-2.804642E2	3.856176E1	-4.956826E2
9.032159E0	1.300076E1	-2.805362E2	3.219949E1	-4.959092E2
9.048824E0	1.078011E1	-2.813627E2	2.580166E1	-4.960280E2
9.065488E0	7.738905E0	-2.814687E2	1.869808E1	-4.963136E2
9.082152E0	4.678452E0	-2.815012E2	1.223443E1	-4.969598E2
9.098817E0	1.434846E0	-2.810344E2	5.027293E0	-4.970723E2
9.115481E0	-2.208996E0	-2.808644E2	-2.364736E0	-4.970972E2
9.132146E0	-5.277740E0	-2.808697E2	-9.076025E0	-4.971902E2
9.148810E0	-8.055393E0	-2.806097E2	-1.679710E1	-4.964471E2
9.165475E0	-1.078088E1	-2.804452E2	-2.343819E1	-4.962597E2
9.182139E0	-1.353573E1	-2.802929E2	-3.087275E1	-4.956208E2
9.198804E0	-1.582258E1	-2.804568E2	-3.673252E1	-4.953723E2
9.215469E0	-1.812795E1	-2.806199E2	-4.314786E1	-4.946507E2
9.232133E0	-2.103463E1	-2.798358E2	-4.892594E1	-4.939723E2
9.248798E0	-2.304221E1	-2.798465E2	-5.384613E1	-4.935739E2
9.265462E0	-2.458978E1	-2.794502E2	-5.859491E1	-4.927120E2
9.282127E0	-2.606909E1	-2.797624E2	-6.291035E1	-4.921098E2
9.298791E0	-2.739542E1	-2.799040E2	-6.619716E1	-4.917934E2
9.315456E0	-2.838135E1	-2.798335E2	-6.937106E1	-4.910876E2
9.332120E0	-2.921435E1	-2.797121E2	-7.141777E1	-4.907473E2
9.348784E0	-2.974177E1	-2.793543E2	-7.272546E1	-4.907355E2
9.365449E0	-3.090396E1	-2.787937E2	-7.435938E1	-4.901805E2
9.382113E0	-3.101032E1	-2.789063E2	-7.441895E1	-4.901281E2
9.398778E0	-3.004625E1	-2.795158E2	-7.427396E1	-4.900819E2
9.415443E0	-3.027343E1	-2.791026E2	-7.256849E1	-4.906710E2
9.432107E0	-2.903178E1	-2.796073E2	-7.087082E1	-4.909703E2
9.448772E0	-2.818062E1	-2.797676E2	-6.851535E1	-4.914332E2
9.465436E0	-2.696238E1	-2.796323E2	-6.522747E1	-4.916655E2
9.482100E0	-2.565334E1	-2.794358E2	-6.167044E1	-4.922569E2
9.498765E0	-2.430818E1	-2.800402E2	-5.736257E1	-4.927133E2
9.515429E0	-2.233086E1	-2.800654E2	-5.235698E1	-4.935565E2
9.532094E0	-1.967760E1	-2.802335E2	-4.734565E1	-4.939623E2
9.548758E0	-1.764550E1	-2.802457E2	-4.151708E1	-4.946107E2
9.565423E0	-1.530977E1	-2.808146E2	-3.512224E1	-4.954891E2
9.582088E0	-1.284932E1	-2.805019E2	-2.885438E1	-4.956778E2
9.598752E0	-1.025162E1	-2.808648E2	-2.187136E1	-4.962819E2
9.615416E0	-6.784278E0	-2.812166E2	-1.521411E1	-4.963711E2
9.632081E0	-4.765921E0	-2.804318E2	-8.376555E0	-4.964409E2
9.648746E0	-9.171190E-1	-2.813002E2	-8.197913E-1	-4.970524E2
9.665410E0	1.020433E0	-2.805677E2	5.556595E0	-4.967525E2
9.682075E0	5.107748E0	-2.812537E2	1.273021E1	-4.963397E2
9.698739E0	8.031698E0	-2.813269E2	1.972286E1	-4.963332E2
9.715404E0	1.014422E1	-2.804370E2	2.634880E1	-4.960212E2
9.732068E0	1.301545E1	-2.804928E2	3.280738E1	-4.958752E2
9.748733E0	1.601201E1	-2.803990E2	3.880009E1	-4.951221E2
9.765397E0	1.862525E1	-2.806591E2	4.498745E1	-4.948240E2
9.782061E0	2.121211E1	-2.802125E2	4.965448E1	-4.940640E2
9.798726E0	2.365540E1	-2.805164E2	5.475676E1	-4.936738E2
9.815390E0	2.567217E1	-2.803350E2	5.871993E1	-4.931348E2
9.832055E0	2.691975E1	-2.794269E2	6.267646E1	-4.926604E2
9.848720E0	2.870760E1	-2.795712E2	6.608035E1	-4.923368E2
9.865384E0	3.015648E1	-2.792043E2	6.899226E1	-4.919180E2
9.882049E0	3.121709E1	-2.790916E2	7.126107E1	-4.916664E2
9.898713E0	3.200405E1	-2.792142E2	7.279609E1	-4.915627E2
9.915377E0	3.249470E1	-2.788690E2	7.351977E1	-4.911545E2
9.932042E0	3.274639E1	-2.793588E2	7.399406E1	-4.913639E2
9.948707E0	3.265972E1	-2.793501E2	7.368894E1	-4.909959E2
9.965371E0	3.215493E1	-2.791339E2	7.303200E1	-4.915109E2
9.982036E0	3.139004E1	-2.789819E2	7.147868E1	-4.916472E2
9.998700E0	3.033901E1	-2.790490E2	6.937430E1	-4.918793E2
